1580
140
807
412
345
1
47
1285
212
19
1
4
194
249
2540
27
30
99
15
2075
19
12
1
4
1
1363
2680
1
1376
3696
1625
32
7
35
4
4
187
268
52
20
38
1051
6399
3879
8
5
1860
81
1053
42
6
25
2
4
27
2
355
14
8
996
127
295
5
59
377
124
11
2
218
211
677
5
249
2324
432
968
8599
275
3
397
979
10
22
2011
443
1
2
150
1327
197
487
26
11
245
371
1121
1536
1579
78
8
446
88
28
279
1
37
7
1
986
923
2617
30
1
197
156
218
3
718
87
136
226
914
250
422
315
3
103
25
292
360
44
96
117
414
1154
323
87
75
4832
38
605
200
17
8
6
46
225
4
142
17
2
301
3
2806
184
14
422
263
5360
110
3
6
306
55
2
16
85
105
65
91
102
20
783
3
328
136
9
12
31
75
13
7
1
29
881
7
344
7
40
250
806
102
11
1
1
382
3202
19
152
122
13
1521
9
10
429
34
1212
2
12
2
7
12
2
10
19
34
37
1
345
1
1
527
6
80
1
67
921
4
1
2
1
6
1
142
2
330
632
4
218
74
661
1
20
1
4
1
50
200
23
485
1
12
3
348
4
85
10
8
1753
241
6
3
2
1
9
1
53
226
9
4
69
108
2
15
4
171
29
1
2
14
1746
38
20
143
157
127
891
355
5
755
189
68
9
5
1
122
3
533
234
2
26
17
872
164
508
12
2
370
14
5
2
213
166
6
2
1667
2
4
492
2
1
3
4
2
19
38
11
3
4
6
193
16
14
1
20
200
100
3
179
180
11
6
5
3
1
82
4
22
1257
330
2
165
2
1
174
2
51
11
31
53
7
2
2
2
1
1
14
130
51
9
2326
3
38
21
955
17
9
34
3
4
15
3
74
1188
42
115
34
13
78
13
271
372
13
33
114
18
19
105
1
53
2
7
38
411
168
74
154
646
173
2
512
67
1368
60
251
4
1
143
15
34
5
7
19
322
50
2
1
3
19
37
1
277
313
193
1200
32
100
10
4
25
39
34
780
7
382
5
394
203
25
397
6
201
5
99
5
2713
81
1
16
67
145
4574
11
1
1
18
15
723
3
2
4
1
8
1
10
108
22
226
58
3
1
4
62
22
10
5
46
21
73
4
329
22
3
70
47
8
14
25
1
58
2
30
112
109
40
265
492
254
115
185
364
112
10
1
40
51
140
1
66
424
1
61
1
4
194
2
44
5
768
1
10
501
256
21
3
1
947
1
3
3029
8
2
12
8
55
63
1014
11
60
57
19
14
43
9
11
6
528
5
1
89
11
3
41
718
2
684
22
2
589
1
3672
236
935
1373
9
7
3
2451
11
15
31
4
12
5
7
1
17
11
43
62
1
2
140
71
6
6
1
18
3
225
79
2
129
47
4
5
1
3
175
6
2839
38
55
1883
1
6
32
33
2152
7
53
3645
5
69
17
10
4
1
4
4
2
2
9
166
222
35
323
43
6
4
6
503
7
4
71
1
1
294
1
5
5
5
26
1
5
4
293
5
1
2278
108
6
184
10
6
9
8
3
10
110
79
242
4
51
8
27
5
42
134
60
15
9
1047
2
12
53
388
29
7
4
74
426
67
59
138
2
183
2
23
47
62
4
1
275
7
9
2
7
303
7
45
4
1122
67
59
16
4
1
1
4
14
38
20
11
126
49
185
42
169
5167
415
163
10
35
33
6
500
1
5
1
1
19
17
2
17
2
44
1
25
2
11
5
54
178
1
3
1
6
7
5
244
9
3796
8
4
10
2
24
5
7
2
365
10
277
411
26
6
2
6
86
17
351
13
7
2
58
18
5
56
309
3
5
1
1
67
2
76
5
7
1
10
208
88
456
1
168
3
7
3
244
477
2
19
104
7
6
7
89
2
8
161
4
309
427
181
1
122
2
2
3
18
15
4
9
84
7
1698
1287
8
1796
3
19
10
2
23
10
309
28
27
8
1
76
11309
6
3
2
8
167
19
524
2
5
9
2
2
13
53
4
11
1
1
4
26
99
1
337
1
10
93
84
3
1293
34
260
165
51
306
8
8
30
6
710
159
84
2
283
3
678
221
51
17
30
9
204
1570
61
4
235
6
1
72
54
58
6
36
4
5
245
23
155
57
377
163
10
6
1
1
1
537
10
8
9
1
4
19
5
54
6
263
11
4
1
1
2
2
1
343
10
1463
11
288
1
44
79
67
46
6
4
1
1
73
2
7
664
28
3
2
23
1291
80
119
13
2
11
3
2
88
21
18
93
1
5
14
5
16
3
6
1
3
10
1
4
103
3
143
9
47
18
59
27
2
7
2172
1
7
597
530
43
1
8
16
56
668
62
1
27
13
150
2
4
24
8
2
131
24
5
2
4
62
1
4
117
7
3
24
212
729
3
46
290
7
381
2
1
19
23
3
7
97
1
6
414
2
210
113
5
178
2497
6
556
158
4
42
5
6
169
19
4
12
27
164
3
1
1
3
27
13
3
6
7
3
25
2
12
24
38
12
5
2
13
2
113
40
2
2
1
18
257
2
69
3
1
12
18
1
1
3434
3
11
2
3
1
22
11
10
1923
8
1
43
3
21
9
410
25
4
45
63
6
163
6
7
120
3
53
8
159
5
22
1
14
389
224
10
16
1144
188
2
97
237
45
11
1
13
4
1
4
3
1
2
5
51
13
4
12
329
10
3
9
2
69
190
124
8
1
2
1
3
1831
1
633
1
3
3
5
1
454
79
1
5
4
5
32
1
116
1
2
17
255
1403
52
457
24
3
9
45
185
2071
29
2
26
25
65
10
3
551
3
8
10
8
3
4
2
2
197
34
1
10
21
3
1
2
59
317
77
75
357
4
20
7
1
3
13
1222
311
165
34
8
166
3
36
3
95
23
78
2
5132
3536
4
75
1
5
1
6
12
283
312
8
11
2856
13
4
33
32
6
25
32
49
44
237
3
34
210
31
50
2
17
6
3
3
13
141
17
69
2
1
130
4
19
622
8
1071
10
34
1
53
6
14
5
25
11
15
14
307
4
2
1
1
2
15
128
11
560
239
1
2
21
7
4
3
15
3
76
47
336
74
447
7
8
159
4
45
18
4
18
12
5
5
2
43
62
10
92
15
13
25
2
13
4
11
2871
3
2977
4
1
76
2190
140
3
8
988
197
1
36
1
128
304
1
30
26
101
9
209
7
28
60
45
1
1
55
32
545
8
674
1261
24
289
8
15
27
3
38
13
53
1
84
1
53
28
8
3
18
10
3
2473
21
9
31
9
307
90
6
41
593
3
5
3
178
5
5
1
3
9
17
2
8
2
69
10
12
2
5
32
5
4
2
23
43
6
49
14
5
52
2
147
126
15
77
14
100
34
21
22
19
7
3
32
51
1
11
172
1532
1
8
45
80
8
73
2
40
9
15
113
20
179
14
9
9
23
5
6
6
12
9
3
12
25
3
10
10
3
6
100
5
8
3
46
5
13
3
6
524
39
2
1
249
43
1
317
23
6
24
280
1
46
4
98
4
591
6
39
5
564
9
33
3
6
50
5
4
593
1170
5
2
265
4
64
13
14
6
31
102
110
446
1
67
5
1
3
51
3
7
1158
68
658
13
11
15
3
18
4
66
69
86
13
4
5
719
20
4
13
3
206
19
18
9
3
9
9
81
1
6
13
2
119
5
5
9
32
13
38
173
4
119
3
993
75
190
6
110
1
17
17
545
3
11
44
53
216
6
15
10
1
492
22
1
259
10
17
44
1
60
3
21
85
4
12
4426
23
6
4
282
7
156
60
173
9
157
3
2
16
9
2
3
40
14
41
22
395
155
1
66
516
1
153
191
10
44
152
1
3
7
2
33
1
71
4
80
6
2
1
1
76
3
21
13
10
1
246
18
10
25
501
2
4
51
14
7
7
2
4
4
2
60
43
62
3
1
3
21
563
6
11
4
8
13
3
8
439
10
17
3
2
3
15
286
27
48
5
3
29
37
41
337
24
1
29
3
86
10
23
29
17
685
7
18
329
3
73
1
41
1
122
32
1593
9
262
3
7
1
12
4
5
1
2650
7
14
8
12
227
82
1
2
6
59
529
2
35
41
87
214
5
1
8
4
44
238
870
1058
468
2
8
4
348
1110
15
528
32
46
5
2
13
24
1
14
358
3
10
317
23
2
1
12
551
58
8
4
58
14
760
99
24
26
54
5
449
339
24
5
7
6
2
1487
61
3
12
32
180
2
2
53
3
21
3
5
92
313
9
7
15
2
2
4
4
10
529
28
2
67
12
4
7
91
5
156
64
6
23
13
47
9
12
3
103
20
2
103
6
1714
13
488
73
9
39
78
7
18
2
62
17
1
26
1
1
44
323
12
165
17
4
41
15
19
6
9
116
173
3
9
149
31
14
45
24
5
12
96
1
3780
7
2
8
48
288
35
18
110
3
2
80
103
4
27
2
5
4
1
43
6
4
49
88
262
14
26
41
3
1
1
49
48
6
2
4
129
5
28
1
9
43
291
211
42
3
64
2
11
26
70
5
13
6
689
1397
295
23
1
12
100
5
5
342
8
2
6
7
1201
8
5
12
10
492
9
316
5
165
150
227
6
8
2
12
15
2
73
10
3
5
1
27
136
10
42
13
11
8
17
35
8
36
1028
84
5
15
83
152
2
45
1317
12
1
70
13
2
2
1
75
2
3
49
18
12
5
11
20
71
40
89
7
27
8
13
78
1083
404
1
6
2
697
11
13
7
2
1599
14
176
18
7
5
6
2
74
8
10
8
4
5
24
14
11
16
1
268
6
3
33
6
197
2
5
216
4
9
3
4
2
1123
74
8
53
6
117
18
273
4
2
50
19
209
2
10
10
572
7
4
166
1
6
16
279
4
9
7
329
159
655
7
208
2
218
15
18
75
372
7
11
33
77
2
6
32
79
2
66
3
6
6
31
18
329
423
28
1
2
15
8
8
598
3
2070
7
15
1
4
11
1
8
12
3
10
122
1
12
2
1
1
4
34
136
5
51
37
17
3
2
62
4
29
25
127
51
3
395
219
18
12
19
5
136
3
367
15
2
5
33
273
2
2
3
88
9
6
7
1
3
125
87
7
2
1
13
16
9
13
1597
17
90
4
6
35
18
2
20
8
67
231
31
27
22
11
34
71
4
1
612
4
123
112
7
72
5
15
6
19
15
1704
1206
1132
1
20
3
9
5
3
5
49
23
23
57
98
36
5
3
176
5
40
1
1
80
52
46
78
4
16
151
531
8
405
141
17
7
1
7
385
4
18
46
7
234
4
55
19
1
9
59
25
1
159
764
45
119
4
111
4
2
642
13
22
30
73
834
9
3
76
23
815
5
77
5
2
14
2
9
1
180
148
2
5
2
2
79
133
2
28
17
12
3
24
13
1
4
4
126
3
9
9
2
447
1
117
20
2
262
17
9
2
71
31
41
1
3
51
21
6
4
1
64
5
16
64
6
24
30
53
83
18
4
8
10
11
68
1507
9
2
11
53
1
25
393
9
2
73
16
1
2
46
11
30
686
24
63
1
1
94
561
53
6
7
28
1
86
12
5
3
73
339
30
18
2
4
348
98
28
12
97
46
90
21
1
769
4
1
5
1
2
12
6
42
12
8
9
2
37
15
24
160
6
807
17
47
5
7
185
2
25
45
140
4
4
336
71
1
6
734
31
1
2
2
11
7
1
13
3
26
15
24
3
1
3
789
233
38
14
182
32
9
8
18
1
3
77
1
21
3
8
137
1
2
2
4
8
4
16
67
13
12
4
6
5
51
19
2
102
214
5
3
1
171
188
117
3109
7
2
5
9
306
68
6
6
3
7
24
126
3
10
15
88
17
30
4
18
6
28
1
9
5
2
7
5
2
13
1
4
163
19
20
18
3
41
11
3
1
7
3
1
171
3
5
1
11
24
13
64
648
1853
2
8
2
8
1
596
2
27
225
52
72
2
2
7
1901
289
159
17
11
587
6
32
120
66
31
12
3
31
99
18
1
5
21
177
1
222
105
54
13
2
8
9
18
1200
151
2
2
35
2
3
10
16
2
7
1
13
135
9
4
6
5
166
2
1
74
66
2275
4
2
1
1
10
24
7
9
42
187
2
4
239
46
10
1
2
183
377
315
7
7
8
389
4
47
4
14
2
4
1
241
15
2
7
13
269
9
2
4
163
633
16
922
4
59
1
5
18
5
6
4
1
127
132
42
5
10
9
15
16
27
2
16
23
20
1
87
5
102
6
2
13
148
2
2
37
386
51
194
187
4
111
10
1
13
4
25
671
27
361
6
1
1
33
2
10
24
2
71
2
1
8
17
2
2188
1
7
5
40
3
8412
7
48
6
22
3432
3
1
64
94
4
50
11
410
22
12
6
2
1
8
3
382
112
67
336
152
3
28
7
7
2
2
4
163
11
8
10
3
13
1
2
3
33
31
4
10
6
45
30
12
3
3
8
34
802
1
376
2
1027
430
123
54
1
343
10
9
20
6
3
36
10
8
6
1
1
1
8
185
138
19
8
6
28
698
5
2
3
11
1
3
26
4
5
1
5
1
7
1
55
4
9
7
104
6
1
4
1805
18
1
11
13
2
11
9
1
19
6
7
3
12
45
2
13
43
4
15
271
35
3
4
8
3
15
13
3
2
7
1
2
13
135
2
5
4
20
46
1
16
10
1
26
3
4
121
38
8
4
921
2
8
1
35
7
3
7
16
2
1
549
4
2
2
281
3
1
8
110
5
1
10
4
166
1
5
5
63
71
4
55
2
5
1
139
1
1079
172
58
65
6
68
93
2
19
1
28
3
12
19
4
656
5
2
150
8
1
3
3
8
17
3
39
7
7
36
2
5
1
51
6
32
3
3
1
44
7
28
1
6
117
152
5
2
31
7
11
3
2
14
43
34
17
33
42
37
2
6
1
3
7
4
1
256
229
2
447
8
1
35
2434
99
57
22
13
15
2
15
18
24
21
236
9
3
174
39
193
7
2
122
8
279
129
3
67
4
68
9
3
27
3
9
186
2
59
376
3
108
37
206
9
91
194
1
7
48
94
48
126
8
2
31
5
12
31
4
34
1
113
1
17
1
117
7
151
9
3
7
5
8
16
33
1
6
2
100
11
4
682
7
12
92
46
1
190
1
15
5
2
2
1
2
10
340
106
7
313
1
2
33
6
14
8
9
1
19
23
15
30
3
2
12
1
11
6
4
53
11
50
8
1
1
15
87
27
48
143
19
40
1357
6
297
138
21
21
6
111
1106
5
76
45
3
3195
8
2
4
23
8
240
5
22
52
35
1
57
72
60
2
31
1
4
10
36
7
7
9
517
5
1
38
18
1
2
32
56
55
1
49
9
2
7
24
18
8
8
1
38
11
46
3
4
23
26
3
57
156
3
161
2
34
48
13
5
18
8
22
4
1
6
17
545
4
21
9
10
1
48
8
2
5
6
35
91
4
35
181
2
2
34
76
2
2
1
59
1
2
100
1
36
35
2
79
2
1
23
4
37
11
6
21
13
5
136
1
179
2
11
13
4
1
12
22
16
12
33
23
4
2
5
37
5
21
1
16
6
34
14
20
218
2
1
1
2
2
3076
68
17
78
1
18
10
4
7
495
1
2
113
63
26
12
624
211
7
22
134
4
5
28
96
18
3
2
63
8
2
46
14
105
6
2
15
18
4
34
3
12
134
61
20
8
16
1
140
2
4
69
1
8
7
333
7
1
1
6
7
3
6
1
352
77
14
297
507
4
8
3
18
19
11
230
22
9
41
71
5
10
1
6
22
16
7
4
152
13
7
2
2208
58
2
2
50
5
5
132
18
69
239
209
300
3
2
98
4
42
11
1
3
100
5
4
8
1
9
27
3
2
3
8
3
11
29
19
46
55
5
17
4
83
80
5
10
1
2
3
677
1
1
176
107
474
5
21
124
8
32
1
4
5
2
3
4
5
8
1
113
33
26
71
233
16
44
8
24
3
4
800
28
11
169
57
9
23
9
1
2
6
40
27
9
9
19
5
422
9
21
11
253
16
34
3
133
4
28
15
2
1
877
29
2
1
1
41
15
3
14
12
2
44
2
231
24
3
1
2
6
14
74
2
2
3
1
76
106
1
210
3
411
7
21
11
26
64
15
2
1
37
21
7
3
11
6
6
3
33
21
8
6
4
5
1
10
16
3
12
184
113
22
6
1
383
123
23
1
49
7
2
26
36
21
5
5
6
474
4
38
9
5
10
16
27
5
20
12
9
3
8
1
20
86
2
1
8
2
655
45
3
98
136
2
12
33
8
2
29
569
1
25
83
1
10
1
36
9
2
62
20
2354
10
43
149
1
6
2
19
22
1
24
1
809
194
28
12
1
62
3
8
16
78
13
5
9
23
9
15
8
19
7
8
5
8
43
2
14
125
2
73
223
49
8
2
22
17
6
23
2
3
4
64
34
21
89
2
88
98
5
9
9
1
3
2
38
1
9
6
22
26
11
2287
30
3
15
1
179
21
7
6
41
52
5
4
3
1
5
33
6
1
1
1174
14
4
1
6
3
4
1
6
14
92
19
16
9
3
11
7
30
1070
6
8
24
29
3
34
6
12
21
3
113
3
7
33
59
3
5
16
133
2
6
3
4
35
8
6
6
4
9
3
4
7
7
7
10
17
2
59
36
422
6
263
1
6
8
166
17
12
3
1
14
6
85
260
84
19
4
1
7
1
35
7
2
2
2
101
3
3
22
10
89
2
9
36
4
8
2
100
9
7
43
8
52
10
25
8
4
14
1
44
37
1
41
1
228
4
17
66
22
2
9
3
8
13
115
2
11
10
27
22
408
11
42
6
1
44
9
3
4
375
9
18
4
5
1
2
3
10
149
16
2
11
25
7
9
5
605
14
10
1
2
188
13
1
12
123
4
274
16
1
30
38
1
1
223
1
5
4
10
9
8
14
2
4
1241
8
8
1
6
7
2
115
1
3
17
18
1
8
3
39
10
10
602
5
158
10
12
4
8
176
1
3
5
4
7
1
2
144
12
269
10
243
15
3
164
165
7
77
17
24
8
84
45
3
20
1
1
20
7
1
6
341
7
121
2
4
6
84
1
375
10
5
9
35
71
2
33
24
2266
10
18
13
16
10
28
1
134
8
13
2
21
4
9
1
66
91
9
14
10
1
14
24
18
28
1
341
4
12
5
31
5
5
22
92
4
1
15
19
1
10
86
4
34
1
1
1486
53
1
2
12
6
37
79
1
5
1
2
21
23
14
40
6
174
11
75
4
21
4
9
5
23
112
58
264
11
46
3
2
74
41
1
38
15
7
24
3
4
15
6
8
5
14
1
10
389
2
1
4
8
16
13
4
35
2
457
6
1988
13
1
22
1
19
4
9
24
1
17
1
1
3
93
26
2
6
874
3
1
528
2
5
293
2878
10
2
11
7
13
1
1
2
177
10
2
2
22
25
11
3
21
357
45
5
498
12
322
91
3
1
42
5
6
10
2
29
191
79
5
13
1
1
4
305
19
122
7
4
2
6
33
2
11
51
84
3
54
794
1
4
7
12
14
119
1
90
32
43
6
9
2
3
2
2919
263
1
77
30
5
94
10
11
7
2
20
110
30
58
5
3
1
4
9
8
6
7
1
1
30
7
1
7
1618
2
11
1
9
8
4
2
8
2
96
1
6
6
61
137
201
2
249
18
108
4
36
21
6
10
204
32
6
2
9
2
70
18
5
14
18
21
23
1
5
6
4
4
3
9
5
12
8
32
17
29
1
2
19
25
8
1
1
79
11
14
11
16
555
7
5
104
23
6
41
1
21
29
1
12
9
12
3
8
12
175
14
6
5
13
4
20
6
133
4
5
3
57
43
1
14
8
52
5
12
147
92
2
29
5
6
87
5
9
8
2
5
20
2
16
174
135
7
1
24
3
69
320
43
1
3
4
5
4
3
1
13
18
16
44
35
20
2
25
37
26
155
6
26
3
2
2
5
17
167
15
26
1
265
5
7
13
6
19
1
29
2
50
81
2
17
677
7
149
4
6
8
20
1
352
13
68
2
2
3
6
169
2
14
7
3
27
173
1
10
4
2
18
2
6
4
3
6
54
10
4
25
7
2381
1
7
72
23
4
32
1
41
5
9
4
35
3
23
5
11
6
6
1
1
20
6
2
17
15
26
2
5
83
2
3
7
20
4
1
1
77
2
13
3
37
1
2
4
8
152
48
78
8
12
7
47
12
25
7
7
2
8
12
15
2
48
16
6
21
33
12
2
439
35
4
7
10
195
8
23
3
13
6
4
5
49
7
53
6
6
4
887
12
38
2
3
13
8
1
1
4
35
62
44
5
2
1
1026
1
36
12
23
37
3
102
1
15
81
10
18
14
1324
4
8
11
1
9
7
2
203
59
570
12
10
8
6
1
24
12
5
28
17
5
8
5
15
115
15
2
52
1
2
2
2
51
5
34
23
8
2
7
434
1
1
5
36
108
9
3
635
3
2
8
1734
31
86
25
2
8
5
3
6
2
1
114
1
7
7
6
384
1
4
5
14
4
16
4
3
2
240
2
9
1
5
12
9
1
6
5
8
2
11
14
3
7
2
1296
3
127
6
34
14
5
4
18
241
1
12
2
2
211
15
20
1
7
1
39
53
27
12
83
1
6
18
8
1
3
50
13
4
17
16
21
2
133
42
15
22
1
4
2
48
15
30
215
1
2
1
49
1
3
2
33
6
70
41
6
11
11
2
26
3
7
14
12
3
219
4
68
9
4
2
64
16
20
2
1
5
13
1
7
3
4
2
4
1
1
10
10
1
1
498
7
3
9
1794
8
2
31
2
11
7
4
5
21
6
8
4
27
2
2347
4
2
126
6
5
96
4
28
2
18
1
1
10
16
69
4
26
5
250
13
1
9
9
3
1453
4
2
13
9
6
5
6
14
2
54
1
1190
4
2
30
61
7
7
1
12
4
12
5
2
1
2
490
8
10
3
39
15
6
1
4
39
5
13
1
26
4
53
7
7
7
4
8
24
41
43
240
5
1
8
32
3
8
14
25
94
49
51
5
5
2
5
62
1567
11
62
4
3
16
13
67
5
26
5
2
2
2
4
36
2
101
2
1
88
1
259
5
15
1
1
22
242
11
2
5
9
1
64
88
18
1
2
11
15
104
21
16
330
2
1
38
177
18
57
10
8
127
4
27
3
45
107
6
8
1
2
1
4
10
119
8
11
21
141
134
404
43
6
4
2
25
20
30
10
11
12
2
3
9
833
11
44
56
8
2
20
70
6
3
3
136
2
24
3
2
2
39
10
22
3
1
17
9
57
1442
1
7
1
3
1
28
31
116
8
7
16
31
12
4
154
6
1
2
63
11
5
70
2
5
5
11
1
4
9
5
2
92
4
2
3
6
1
37
6
8
13
3
1
9
100
2
2
117
6
45
1
6
7
5
3
9
448
171
107
348
7
5
315
17
3
12
26
1
211
4
2
153
6
12
2
5
2
2
20
45
11
104
13
5
44
2
178
18
28
3
26
424
17
2
4
3
7
15
15
172
8
7
21
135
1
1
4
4
3
3
3
2
19
4
9
7998
135
10
6
4
5
5
2
7
9
1
5
28
52
7
2
22
64
116
9
6
1
5
926
32
2
2
106
14
2
9
3
5
19
298
6
124
4
45
13
13
99
4
5
4
5
1
9
3
15
11
5
3
2220
69
2
1
6
4
884
6
196
23
42
25
1
37
5
9
55
12
10
6
1
16
847
11
138
129
6
230
1
2
8
7
2
5
7
19
2
4
56
2
156
2
9
53
2
7
10
7
6
5
4
1
1
21
336
184
1
85
2
1
227
6
79
6
5
2
12
4
4
15
13
7
12
1
23
8
75
5
1
2
31
7
1
8
8
36
5
6
3
6
1
9
4
12
9
12
450
2
17
6
5
123
11
3
18
21
6
3
16
27
28
110
22
8
46
7
11
8
260
86
16
3
63
1
49
2
13
8
65
7
18
1
4
3
4
37
2
4
2
31
2
9
93
17
131
1
439
7
213
1
2
1064
8
1250
7
15
9
14
28
30
2
4
1
2
2
9
5
8
8
5
1
6
6
4
61
9
74
15
3
5
2
4
2
18
9
1
16
965
222
3
372
60
1
6
4
3
3
6
3
10
3
1
3
17
22
1
10
43
3
9
10
99
3
73
3
11
49
4
6
8
1
2
77
110
24
1
30
40
3
40
25
5
5
2
32
261
12
2
13
2
5
7
7
7
3171
68
2
3
1182
69
23
1
10
3
14
142
32
13
1
28
14
7
11
1
32
24
57
2
179
5
12
2
1
13
5
21
16
1
33
2
18
4
54
1
1
7
4
6
6
7
34
12
10
2
2
3
1
154
2
7
2
2
7
2
3
8
8
5
2
136
90
9
16
6
75
57
6
3
3
4
41
66
266
99
18
5
6
2
9
3
29
1
11
10
1
4
7
140
7
14
22
8
7
7
6
27
10
20
2
44
1836
46
7
614
22
9
3
16
38
10
32
168
67
1
1
66
9
6
4
229
57
5
15
23
5
463
37
4
5
30
16
4
2
199
4
2
7
8
15
7
1
13
27
14
1
1
51
23
6
2
31
41
1
45
23
17
3
4
3
10
53
4
3
1
8
29
1
6
25
7
7
13
4
8
13
1
1
8
13
2
16
8
820
194
3
109
21
5
4
1
30
1
286
8
12
27
3
15
39
6
2
26
4
1
3
5
38
2
2
48
5
1
16
61
1
3
4
3
1
10
7
18
2
7
102
43
19
1
139
6
158
264
1
2
4
2
1
47
60
4
1
8
17
5
7
13
58
560
3180
4
79
18
12
70
18
12
12
52
5
2
11
5
4
1
1
93
23
21
4
102
20
2
7
22
26
2
62
1
6
6
21
352
9
3
373
3
6
25
9
9
328
23
2
5
6
4
6
6
3
5
1
3
1
1
217
28
6
4
34
2
19
107
12
169
374
30
7
5
17
3
1
4
175
3
320
2
18
7
4
14
58
2
280
20
1
18
111
58
22
130
9
11
9
2
3
8
4
13
15
1
3
7
3
3470
19
72
3
69
32
7
3
4
20
17
4
2
2
12
12
1
52
3
6
1
4
13
2
76
1
6
42
3
14
7
2
3
4
9
1
2
312
26
22
5
3
1
1
2
4
9
19
1
21
2
1
25
4
5
2
14
2
5
1
3
1
46
84
25
44
1
17
27
5
2
5
6
10
3
4
11
25
1
2
1
57
11
6
1
3
12
5
5
34
4
4
66
8
4
6
362
6
6
1
1
4
410
8
84
34
4
11
196
3
1
537
29
25
11
1
5
2
21
2
2
7
1
8
123
67
22
2
13
178
4
2
6
27
4
15
4
203
11
423
16
33
38
6
55
6
6
1
2
6
12
2
1
8
17
2
17
6
2
23
5
1
4
8
4
33
3
8
4
17
49
53
5
7
4
2
7
16
2
12
163
9
1
5
2
8
13
4
3
2
7
111
255
15
2
12
6
75
12
2
1
26
8
1
3
2
81
7
1
190
2
67
37
13
138
2
272
29
3
388
34
13
17
124
3
3
84
7
201
104
14
10
2
6
20
5
30
4
13
8
6
5
4
4
4
17
370
15
2
1
12
10
8
8
1
5
6
6
8
4
5
18
16
16
5
4
2
8
15
5
2
11
59
35
19
6
29
2
4
1
4
8
92
5
2
24
39
7
4
33
96
5
2
15
18
39
4
26
71
3
4
5
3
3
28
3
21
4
10
8
2
9
21
13
16
1
19
1
2
6
2
7
3
3
4
5
2
16
1
13
1
23
16
10
4
8
1
1
2
23
2
10
179
15
62
3
1
5
2
2
1
44
1
4
12
25
1
1
2
3
1
3
4
4
8
7
15
56
22
2
2
6
5
5
2
3
3
1
7
1
6
1
43
6
1
2
2
18
693
84
13
2
3
8
13
21
4
13
90
19
17
7
28
52
7
469
36
7
1
39
25
7
9
6
5
42
1
17
12
1
8
15
7
33
61
7
6
1
2
4
1
2
2
9
2
4
9
2
8
4
6
219
119
59
2
9
34
4
4
2
2
1
83
13
3
2
74
2
4
3
5
2
54
5
2
1
3
24
2
8
5
745
4
5
1
12
5
1
3
24
1
87
28
9
30
2189
3
8
5
2
8
5
4
4
1
9
7
2
4
4
5
5
108
2
1
234
41
170
1
3
23
1
6
8
37
2
4
5
17
1
7
3
1
12
22
1
1
3
30
18
43
1
28
4
3
4
5
2
14
1
15
2
1
1
18
20
58
6
4
11
4
3
2
2
13
8
8
4
4
19
24
55
721
11
10
5
29
6
16
3
10
244
36
2
28
4
26
30
1
12
6
15
27
57
1
5
2
15
27
13
2
1
19
1
11
3
8
35
15
14
7
125
2
4
2
9
35
2
4
1
62
3
1
6
195
15
4
1
12
19
16
58
5
1
10
16
8
1
1
21
2
12
2
42
7
13
19
4
1
38
43
12
19
1
252
8
12
10
7
1
2
5
13
4
2
2991
1
35
13
9
8
6
8
7
13
2
23
68
13
2
8
122
28
5
16
33
7
7
4
2
1
3
48
2
1
21
7
2
1
5
9
8
5
5
1
192
21
3
15
4
10
106
4
17
4
1
32
6
6
2
1
2431
22
97
1
11
89
605
47
11
7
11
7
2
6
10
6
12
1
6
1157
8
6
2
2
79
3
17
2
2
1
8
20
6
42
50
7
4
9
249
2
14
77
33
4
3
46
11
5
1
8
37
2
11
16
1
3
4
18
5
3
1
14
23
2
9
40
7
1
9
1559
13
52
15
19
200
20
110
112
7
7
8
1
11
2
54
19
10
12
34
10
2
3
1
15
7
2
6
2
18
37
1
7
2
1
4
7
3
5
1
4
3
5
4
5
14
3
4
50
15
161
72
1
2
3
23
4
4
1
17
2
25
4
11
42
11
1
4
31
9
4
148
54
1
7
18
28
6
317
3
11
2
16
2
24
4
22
4
14
4
22
41
1
14
4
2
33
142
22
1822
28
12
1
3
11
4
27
28
1
6
1
6
6
2
11
10
2
12
6
3
368
736
9
5
2
155
304
61
2
10
11
333
8
3
9
1
2
2
13
2
54
3
280
24
5
63
5
11
5
3
47
1
228
2
7
8
41
5
10
5
2
15
4
14
5
71
3
1
33
13
1
5
1
2
6
1
5
3
6
3
14
18
14
2
2
46
7
42
87
7
2
6
1
2
138
2
9
1
1
1
6
7
6
2
11
1
18
26
25
2
646
33
4
1
16
15
3
2
1
2
5
4
2
3
6
6
11
20
6
3
60
15
1
2
5
10
15
18
10
2
140
3
2
2
4
19
26
9
60
4
4
8
18
3
42
3
4
2
43
1
1
22
5
11
6
9
11
3
2
65
36
27
28
13
12
13
15
12
2
1
6
2518
9
216
129
1
79
20
11
4
26
118
22
2
1
5
2
23
4
35
18
9
572
63
2
18
5
4
11
1
12
4
252
5
1
4
4
1
131
739
4
13
14
4
1
5
10
11
5
2
5
19
13
15
2
2
8
3
27
3
9
6
1
11
187
22
11
3
5
23
4
6
2
2
43
7
2
8
7
2
7
23
22
1
44
35
1
5
3
692
10
32
10
2
1
17
3
4
1
2
1
7
2
2
6
5
2
151
1
7
20
42
1
4
3
2
18
3
4
11
7
13
5
5
5
24
3
4
4
1
7
15
17
1
23
1
3
10
147
321
19
3
24
6
1
6
10
1
15
2
5
3
4
20
1
3
14
6
26
1
33
11
58
5
240
29
3
718
1
691
16
3
5
2
10
7
1
8
2
5
18
10
7
10
3
1
7
24
5
1
4
1
5
4
1
5
6
14
3
10
27
13
1
7
488
2
68
1
1
11
37
4
32
30
5
3
7
8
14
1
7
3
787
2
3
72
7
1
41
14
5
2
2
9
9
8
60
29
2
10
17
3
7
4
4
5
9
9
18
43
20
2
8
5
30
25
549
12
28
14
3
1
2
37
5
14
9
11
7
3
2
1
16
8
2
1
2
11
3
9
26
9
15
3
2
5
5
5
1
7
31
1
23
5
162
6
59
67
8
2
6
2
3
2
70
2
26
26
1
2
7
6
3
93
3
7
109
12
2
42
508
2
2
1
5
3
2
48
3
3
169
1
106
13
14
7
4
4
4
24
2
1
179
23
8
78
18
4
16
4
119
110
3
21
2
35
5
6
2
54
1
6
2
24
20
10
9
3
49
4
60
9
1
10
9
5
66
3
54
93
10
4
6
1
1
5
1
12
40
12
11
4
1
20
5
2
12
11
2
3
3
5
16
3
51
4
4
27
4
191
5
2
3
253
3
7
2
86
15
9
5
31
49
5
17
5
8
8
6
2
2
168
6
14
32
1
92
2
5
34
17
22
1
2
21
2
11
4
8
11
1
1
5
305
4
8
2
9
2
119
6
10
6
1
4
9
2
5
2
17
2
5
8
18
28
3
122
4
2
6
17
5
3
6
1
31
4
4
4
4
66
2
3
5
11
1
1
4
91
1
10
16
3
5
2
117
7
7
2
7
7
4
4
74
2917
27
8
19
7
1
1
1
3
10
28
2
20
2
3
3
27
41
5
2
2
124
2
5
5
1
4
1
2
3
23
4
5
1
4
2
78
139
51
4
132
8
34
15
7
63
429
50
63
2
19
29
1
10
2
3
11
9
11
17
2
26
1
5
3
1
4
16
8
7
130
3
8
2
9
120
6
16
11
14
1
3
139
19
3
1
4
19
8
62
1
5
87
18
10
4
6
2
1
4
1
2262
31
1
5
1
47
29
186
601
1
10
10
4
3
5
2
1
3
5
2
2
5
14
5
3
11
6
2
26
6
6
1
1
1
8
2
1
18
9
10
3
1
68
14
7
1
7
13
1
42
7
5
112
14
5
3
10
4
9
7
9
11
9
33
3
1
28
3
1
2
23
10
46
36
9
10
12
12
3
3
61
2
5
11
3
1
11
18
1
92
13
4
1
1
4
16
82
10
9
15
100
1
4
5
3
2
1
4
7
1
2
2
1
1
21
3
1
9
2
10
19
6
37
7
40
164
4
5
33
2
3
13
7
1
22
52
1
2
4
2
31
36
10
759
5
5
1
21
37
15
58
4
10
2
20
15
30
93
1
1
5
5
11
5
6
2
5
2
26
1
8
2
2
3
6
17
10
17
13
6
10
9
8
9
3
1
6
11
4
11
8
5
17
10
33
2
11
12
54
1
6
6
70
2
4
2
2
8
14
7
6
1
13
6
3
32
49
3
1
1
73
2
2
16
3
59
25
9
3
15
54
1
12
8
10
2
7
5
4
3
28
39
6
29
1
1
7
1
10
4
1
2
4
6
2
4
136
20
1
3
9
39
10
5
1
9
5
216
149
9
3
27
1
15
99
43
5
10
16
17
2
7
43
129
4
11
1
3
6
2
27
1
6
2
6
2
4
10
2
114
7
11
10
1
30
4
5
6
79
3
13
4
20
10
1
2
5
82
14
129
13
11
10
70
5
32
9
15
3
6
1
28
6
2
1
2
35
12
13
3
1
5
7
5
24
4
3
40
99
3
17
110
46
34
35
6
2
8
4
156
2
17
23
12
89
1
3
18
7
1
144
4
1
5
4
6
1
12
1
27
2
1
25
4
1
7
7
1
7
62
4
20
50
1
26
3
2
46
4
6
11
4
108
4
29
7
9
9
11
2
6
196
23
8
2
7
17
2
18
15
4
3
2
16
1
8
39
1
2
2
20
2
169
9
31
1
7
2
6
2
5
5
1
2
1
1
1
1
44
169
33
75
1
11
8
30
30
9
6
2
5
125
55
11
7
468
13
42
3
4
8
9
47
5
27
9
3
20
2
39
11
37
27
4
25
1
15
33
4
3
7
4
9
4
52
2
3
7
12
3
6
17
4
7
4
3
4
3
54
2
2
1
39
13
71
6
6
2
8
1
3
3
3
10
2
3
3
2
14
5
1
8
8
4
42
193
2
60
8
2
6
12
1
5
41
4
8
10
1
31
68
2
36
42
2
112
19
8
111
9
2
4
4
24
9
1
47
5
6
4
1
36
15
7
1
4
2
4
7
25
21
1
69
5
9
2
64
2
5
7
2
2
29
33
88
26
1
33
2
19
4
161
1
8
6
4
5
6
28
12
2
5
2
2
5
4
8
5
58
9
8
2
34
2
62
120
10
5
37
1
1
2
2
6
10
3
4
4
7
34
7
10
2
6
2
2
4
2
3
4
5
17
8
106
3
1
1
2
1
12
2
13
6
1
19
17
1
2
14
4
5
122
4
4
6
3
1
690
368
2
4
37
1
32
12
13
12
67
9
7
26
3
26
2
3
68
4
15
2
56
7
2
2
598
12
5
48
76
2
120
9
5
4
2
2
11
1
2
1
2
73
2
6
4
2
10
5
4
9
645
6
210
8
22
291
7
2
1
4
4
13
109
1
12
5
7
3
48
3
7
37
1
1
13
82
12
4
76
5
4
4
138
1
2
7
2
1
1
5
149
4
3
1
8
87
10
14
5
3
2
2
8
5
44
6
140
23
3
8
58
2
18
34
18
74
4
8
2
5
7
66
8
6
1
11
45
8
4872
2
8
3
8
1
12
8
7
3
2
7
122
3
18
7
29
7
6
6
2
6
40
6
4
32
1
17
97
232
7
3
19
15
4
12
59
5
39
9
8
1
61
15
6
2
8
7
48
1
2
3
8
2
4
4
3
2
2
2
5
23
3
15
134
6
2
3
3
20
8
2
3
8
2
2
469
5
4
2
19
52
7
1
3
260
64
4
9
8
17
7
7
5
4
16
10
38
7
7
3
340
1086
5
8
19
1
5
8
16
32
1
2
1
15
4
2
15
3
4
1
3
3
3
9
2
1
42
6
9
6
13
4
8
24
7
2
28
8
4
4
38
28
3
47
9
9
4
15
4
20
58
4
8
4
54
12
1
7
5
1
8
4
1
9
4
7
756
137
5
9
155
20
2
48
16
2
27
6
2
2
6
2
131
13
11
40
13
15
9
23
26
10
5
8
4
14
5
8
5
5
8
3
9
5
27
3
4
5
13
8
3
14
451
6
122
5
8
1
3
97
1
2
2
7
4
2
33
7
17
14
3
48
2
147
1
3
14
320
2
10
4
5
10
11
38
4
1
2
24
28
9
17
14
3
5
26
1
27
11
2
1
2
1
12
49
4
11
5
2
2
106
90
14
19
2
14
136
24
65
8
3
56
30
4
7
5
9
10
269
2
12
5
3
2
7
9
3
10
238
6
5
33
1
8
4
6
4
12
4
2
8
6
25
10
18
2
39
12
4
384
2
1
2
23
4
9
10
5
10
16
20
2
1
4
4
6
2
14
4
10
2
4
12
4
10
21
16
14
5
6
4
2
14
39
13
5
1
3
4
4
3
26
14
4
20
27
4
6
76
113
715
16
14
5
9
3
3
13
2
8
21
23
2
18
3
26
5
4
1
45
4
5
8
1
2
6
1
17
6
120
9
10
2
71
31
4
29
145
1
4
2
340
9
1
1
7
167
4
45
2
2
2
1
5
16
14
2
8
64
89
1
3
1
125
4
47
2
71
72
1
12
22
11
5
3
36
8
5
5
3
1
2
1
2
8
4
3
92
13
10
1
24
54
4
9
16
1
1
13
80
7
7
1
4
44
2
6
13
10
8
1
1
1
3
12
199
1
2
5
33
1
230
1
3
5
2
10
7
5
7
1
16
3
4
2
1
12
2
2
4
2
1
1
4
17
569
14
4
3
14
9
6
1
1
4
15
5
3
68
10
1
2
6
10
3
1
24
6
2
59
8
1
39
18
34
4
1
8
13
5
2
1
1
3
148
7
47
6
4
3
7
10
30
3
3
1
8
34
3
9
11
4
109
6
13
2
1
83
2
1
2
3
5
2
12
6
1
3
36
1
13
4
4
15
2
5
3
2
28
138
3
20
1
1
5
4
2
7
8
5
20
3
16
4
2
5
3
24
2
78
7
6
6
1
15
7
4
273
3
9
1
6
1
8
30
3
7
4
5
80
35
17
7
2
11
4
22
9
5
29
8
2
69
12
9
4
5
6
7
2
6
1
4
1
9
10
17
1
8
1
8
53
7
49
1
2
12
33
2
15
8
7
2
1
27
26
5
11
25
7
108
11
3
15
15
2
6
5
11
5
16
4
4
17
153
1
1
12
21
1
13
20
3
18
8
172
3
42
25
2
109
13
113
1
2
1
2
9
2
28
6
22
6
26
17
1
1
3
23
6
7
7
64
3
58
4
2
12
24
2
41
46
2
34
1
13
2
13
38
69
2
7
4
2
212
9
40
7
19
1
4
7
219
146
4
6
1
107
9
10
19
10
31
14
293
5
3
21
8
12
9
10
17
5
4
3
71
1
1
25
12
6
5
88
20
28
5
20
15
5
7
7
7
43
8
1
3
8
19
2
18
9
1
6
2
6
10
32
7
4
31
2
2
2
1
5
1
9
6
35
53
1
2
1
19
5
2
14
13
48
10
10
5
2
1
3
2
4
5
4
5
9
2
3
4
1
8
1
4
20
2
8
5
6
106
5
13
14
1
8
4
36
10
13
9
4
1
3
8
3
1
1
8
1
32
21
4
3
4
3
7
8
3
7
7
3
10
8
13
7
12
2
67
10
3
4
16
6
2
9
11
9
2
16
1
241
1
80
8
6
8
3
5
54
2
7
2
6
8
22
35
2
8
54
2
2
117
24
1
2
134
4
1
2
1910
3
12
18
2
76
24
239
3
6
71
4
7
5
7
2
12
586
23
2
49
3
7
10
18
2
1
15
6
7
9
4
5
1
15
12
3
2
33
1
2
2
2
1
74
1
16
2
4
2
6
2
24
59
3
1
3
1
2
6
8
4
14
47
10
9
24
8
1
3
16
1
6
3
6
8
4
10
5
2
3
8
19
10
30
49
1
34
2
2
102
5
13
8
783
74
22
31
3
3
13
1
8
2
5
21
227
4
7
4
2
9
6
28
1
4
3
1
13
15
9
3
1
3
1
1
2
1
2
42
5
9
10
6
275
9
10
8
10
12
16
151
8
33
8
3
3
3
48
4
1
6
8
1
5
5
13
74
717
1
10
173
16
3
1
19
37
1
10
1
88
59
999
7
2
136
7
2
3
31
2
34
2
13
20
30
14
10
7
15
23
36
1
6
5
34
27
2
6
5
1
92
11
9
2
5
1
3
5
4
5
7
2
2
3
75
8
42
19
2
1
4
4
3
31
13
2
4
67
6
2
7
2
4
17
14
1
3
1
29
8
4
24
35
2
20
13
2
1
4
4
2
2
8
2
11
109
36
78
1
7
29
4
30
6
6
1
2
2
8
137
47
34
3
513
9
162
15
3
5
25
212
30
1
8
1
11
13
8
42
7
17
5
2
662
4
249
9
4
80
3
6
1
4
15
3
2
9
59
24
5
4
70
5
2
28
351
3
3
907
17
27
97
8
45
49
3
4
4
5
27
7
7
125
10
5
15
8
11
1
9
9
60
1
2
5
4
2
4
9
1
6
40
4
3
7
1
16
1
5
40
1
7
2
3
1
16
1
3
7
4
4
40
7
8
6
10
2
1
82
1
18
4
27
12
2
184
1
1
3
58
3
4
121
13
1
1
1
18
2
26
1
2
14
6
5
2
6
9
44
21
2
266
7
2
411
3
5
26
3
5
4
21
201
3
1
4
2
1
12
8
14
2
15
25
2
35
17
3
1
3
18
11
3
8
2
192
9
31
40
3
2
1
23
2
33
4
7
8
1
202
3
5
51
14
15
9
13
1
16
34
9
1
2
5
38
1
8
70
25
1
2
5
93
3
5
8
7
1
3
2
24
4
4
28
6
2
9
11
249
1
3
6
33
3
11
19
3
28
5
8
2
3
5
5
4
2
4
10
11
1
28
1
8
2
6
5
8
6
6
8
1
1
147
1
1
5
51
1
4
20
4
6
17
5
19
6
23
43
2
1
1
14
20
17
5
6
1
44
20
8
10
51
5
21
7
1
12
2
2
8
27
147
1
17
34
11
1
8
3
2
7
4
4
2
3
4
38
9
1
1
10
17
7
10
3
31
2
10
3
4
6
5
2
10
15
9
59
1
1
5
17
5
3
2
2
21
6
4
9
9
35
2
3
3
26
101
1
3
3
4
32
21
15
8
3
44
43
7
609
6
10
7
4
1
3
3
3
3
21
30
27
4
16
15
8
10
4
2
151
3
4
10
1
3
1
7
5
31
2
4
1
6
7
5
9
24
5
6
262
4
5
23
12
1
1
50
1
2
6
4
65
2
5
2
19
11
2
99
9
4
171
4
3
2
5
9
5
1
1
17
20
5
3
3
4
21
7
4
77
44
1
29
14
2
105
11
3
29
1
6
7
4
29
7
15
18
4
5
612
7
2
3
7
13
14
6
532
33
15
9
36
10
4
20
12
59
12
2
7
6
3
88
1
13
1
34
16
12
1
14
36
7
17
1
76
30
2
6
21
54
1
1
13
2
3
8
2
12
15
9
136
5
38
7
1
6
1
10
147
2
21
25
18
4
93
5
40
8
138
1
1
39
54
41
1
20
10
15
4
1
15
30
9
2
5
3
1
93
36
6
4
6
2
4
6
230
7
7
4
6
2
2
4
92
79
1
2
1
32
1
1
5
2
16
2
3
37
1
2
1
1
64
2
14
1
5
14
11
151
5
4
2
2
8
2
8
7
125
1
3
6
15
8
5
2
3
30
36
14
7
14
1234
4
10
1
1
1
3
1
8
5
29
3
10
25
63
9
30
2
4
13
3
176
18
9
8
3
2
1
1007
6
10
34
1
5
6
16
2
1
12
2
4
2
1
7
1
9
4
26
3
10
31
1
2
2
15
1
8
1
1
7
1
3
6
3
2
3
2
11
7
4
3
3
2
11
1
20
3
3
32
3
8
6
1
6
3
9
20
37
1
7
13
11
4
1
1
25
4
5
8
19
38
1
4
3
1
8
5
12
3
2
8
6
1
2
1
18
3
13
20
34
2
3
2
1
7
83
2
252
2
57
6
8
24
3
3
7
2
4
30
12
4
4
21
8
2
41
24
72
24
6
5
3
10
2
7
1
5
4
54
190
5
1
20
63
606
2
2
131
17
1
2
1
23
2
4
4
14
16
3
37
13
15
6
5
6
12
6
7
5
2
1
60
6
3
1
16
50
2
1
3
1
1
1
1
31
24
5
3
24
1
28
1
1
9
10
17
6
23
5
37
3
1
12
5
4
2
117
7
1
224
19
1
1
27
437
1
2
12
31
44
40
9
5
1
15
11
7
2
2
11
9
7
1
2
684
24
2
2
5
9
15
1
5
6
18
226
2
2
1
5
6
1
31
109
9
79
1
9
4
10
3
2
138
1
31
1
4
2
2
1
16
2
9
29
19
1
8
11
2
13
5
5
3
78
6
2
20
5
1489
2
3
6
1
21
6
24
3
2
4
11
6
1
1
6
18
1
3
167
8
3
41
26
6
15
2
26
11
3
14
12
8
8
3
22
61
6
1
9
25
1
8
6
3
2
8
1
19
7
4
7
81
21
2
7
4
3
17
3
40
5
775
3
13
2
2
2
10
217
1
6
2
75
4
2
4
2
18
2
3
2
34
4
3
4
1
1
5
3
5
17
1
165
1
1
3
9
4
2
1
2
5
52
1
5
9
6
1
48
8
4
3
2
127
1
1
2
359
4
9
2
2
2
10
115
10
1
11
34
28
1
14
8
8
11
2
25
2
1
12
2
27
1
32
130
4
1
30
4
1
3
4
6
3
22
6
3
7
3
5
4
1
1
10
2
12
2
17
15
2
2
3
165
2
11
1
1
15
2
4
1
12
4
23
5
7
2
1
11
8
3
4
4
11
4
3
13
8
3
3
5
3
58
12
18
1
1
37
5
16
544
8
5
19
5
7
10
2
6
11
27
13
19
1
1
9
5
11
2
6
4
4
2
2
2
7
5
1
1
2
66
2
11
299
12
3
4
116
1
4
3
108
7
1
6
271
11
6
3
1
1
1
3
8
4
1
2
2
2
9
18
30
15
1
6
31
5
5
1
1
7
14
8
5
49
2
3
67
12
7
6
12
57
14
8
4
51
4
4
5
9
4
32
2
42
13
12
9
5
4
6
55
29
18
5
2
2
2
5
1
1
36
1
1
2
12
12
5
7
29
1
3
3
8
3
56
11
6
1
8
7
119
2
8
2
5
3
3
6
4
3
5
3
7
2
6
71
76
21
3
6
1
11
4
38
2
6
1
20
13
48
102
12
3
3
11
11
24
14
4
3
2
8
224
7
4
11
43
5
6
17
12
8
5
3
7
7
1
7
12
3
42
1
1
11
2
6
13
13
11
15
4
11
8
3
1
24
1
7
88
1
1
5
1
5
3
19
1
5
29
3
4
14
109
29
2
15
7
9
9
5
16
482
8
46
3
3
3
4
10
10
9
9
6
41
20
1
6
2
2
2
7
19
9
1
4
1
17
6
3
74
17
27
78
8
19
5
2
1
11
2
3
29
25
46
16
4
4
2
4
1
16
1
9
14
9
6
4
1
940
7
6
3
54
1
1
1
8
20
2
3
8
10
44
5
1
2
45
9
129
5
56
189
7
34
1
3
15
1
4
2
15
11
13
1
7
42
6
4
7
13
2
51
24
19
23
21
21
18
5
2
5
5
2
3
6
6
8
7
1
2
12
1
22
214
7
9
3
2
9
20
181
1
5
4
7
4
2
168
5
2
1
1
214
22
11
7
4
2
1
5
18
159
1
92
8
28
7
5
3
3
5
18
3
4
20
19
3
2
1
9
2
71
8
2
8
2
3
27
86
136
3
17
15
2
10
4
1
7
1
7
7
13
12
10
1
4
17
6
11
3
54
11
30
5
5
2
3
77
1
2
11
55
10
24
3
1
6
7
2
2
8
7
50
20
1
31
23
4
15
57
9
5
11
3
2
64
4
16
4
23
5
3
17
1
1
8
2
3
3
180
17
5
2
1
5
1
2
3
1
2
142
4
6
66
3
76
5
4
7
46
3
3
2
161
11
6
28
1
374
2
10
1
6
1
9
7
2
4
6
3
121
1
25
4
2
27
1
2
2
9
1
2
18
20
6
2
23
11
38
9
1
5
11
39
2
371
3
10
1
2
12
2
13
2
7
2
14
77
9
19
4
6
3
9
1
1
8
11
19
86
1
57
3
4
1
22
29
3
21
6
15
3
2
103
15
4
19
18
29
3
5
4
3
2
2
4
6
34
5
1
48
33
11
27
6
14
42
10
1
11
1
2
11
3
9
2
6
14
2
5
4
3
16
1
12
12
253
5
4
4
11
1
7
1
2
2
26
57
3
8
8
3
5
6
8
696
8
30
2
6
3
2
3
2
5
2
424
1
12
5
4
2
39
5
4
3
16
1
49
28
1
266
2
10
3
2
1
2
10
2
1
2
11
138
69
5
20
4
15
7
12
1
35
96
5
1
9
73
8
46
6
34
6
1
1
1
7
15
10
115
4
485
12
22
16
19
27
8
50
3
8
6
2
2
15
4
2
11
26
3
11
3
1
27
13
23
32
2
7
2
6
61
9
3
2
10
4
153
4
6
4
6
6
8
5
26
1
4
7
1
11
1
1
1
4
4
4
2
88
5
120
13
5
6
4
1
11
50
4
10
4
17
2758
1
3
138
285
4
6
71
19
2
3
5
6
2
3
10
14
2
6
4
77
6
10
6
13
2
18
2
1
2
18
6
3
5
1
13
95
19
33
23
1
16
19
159
36
2
8
1
9
1
2
1
7
1
37
8
1
47
18
5
41
22
6
8
3
8
3
3
18
37
2
9
6
4
13
14
3
8
59
6
1
50
30
6
12
5
6
31
1
18
22
5
21
1
7
1
91
12
5
2
7
5
12
16
16
2
6
6
2
4
3
10
116
2
2
5
1
1
3
2
1
11
1
27
69
26
3
6
24
7
3
15
2
1
6
53
13
2
3
5
21
3
5
1
2
6
2
7
15
448
9
5
13
1
2
17
2
2
29
22
4
25
2
5
73
27
2
1
1
27
13
1
10
7
89
9
21
1
7
2
9
12
5
16
25
1
5
1
1
65
1
157
8
126
2
2
3
1
23
2
7
9
4
11
30
17
12
9
179
24
11
3
19
4
12
4
5
5
2
6
6
3
26
5
1
551
12
11
353
4
20
5
1
27
9
12
4
6
3
1
251
2
72
3
9
2
9
412
5
3
7
7
14
2
4
16
6
15
6
1
2
2
3
2
7
56
5
5
1
3
3
5
1
2
8
2
16
4
1
1
66
22
1
12
2
6
5
3
14
56
17
1
1
3
2
5
4
4
3
3
6
35
62
3
47
21
33
7
15
4
1
1
2
11
1
1
12
7
3
2
4
9
2
2
2
16
10
5
5
6
2
2
1
1
1
2
6
3
3
66
9
7
4
55
5
1
3
1
5
12
2
3
20
1
13
1
53
8
8
1
11
1
13
10
3
8
9
8
7
1
1
2
6
3
2
9
1
5
45
1
6
15
39
8
3
3
32
42
23
5
1
10
3
6
6
3
2
70
1
17
2
41
2
8
7
1
1
2
28
21
1007
1
2
5
4
2
2
20
5
24
5
80
14
3
6
13
4
7
3
1
7
6
2
2
9
4
3
48
991
5
4
1
11
3
2
5
4
2
12
1
1
7
9
5
4
1
70
2
41
9
1
1
89
8
5
40
3
99
24
2
2
7
4
2
2
13
11
1
2
3
61
14
2
19
5
4
2
4
3
7
2
5
6
8
3
86
103
2
5
4
3
3
1
12
49
1
1
48
2
1
3
215
1
36
4
8
13
4
17
11
18
3
21
168
3
5
1
15
1
1
8
1
2
12
4
7
5
8
7
3
9
16
2
2
14
8
3
2
5
1
14
8
1
1
3
2
1
7
1
3
8
9
8
5
2
4
8
6
21
17
14
23
5
134
10
5
15
8
7
7
4
16
43
28
1
9
47
12
4
38
90
83
12
2
38
33
2
13
25
12
70
10
2
6
5
355
1
2
3
51
2
13
1
11
20
11
6
3
4
7
1
3
51
12
32
7
2
7
1
4
2
2
29
1
12
1
6
1
3
9
8
2
5
4
10
11
9
2
1
3
39
11
2
18
1
4
11
3
27
10
8
4
8
6
4
18
3
10
32
11
3
2
3
1
10
9
9
10
78
7
4
27
146
36
2
15
40
2
1
3
3
20
7
2
6
1
36
21
1
15
11
1
2
3
13
3
4
4
3
1
5
2
2
4
20
6
7
2
5
58
3
4
5
3
7
18
10
20
10
3
120
2
2
2
40
55
3
8
1
40
2
1
11
5
20
1
3
3
9
4
372
11
32
17
7
7
18
30
7
1
3
8
6
2
11
2
19
5
3
11
10
25
8
4
185
5
26
7
2
40
23
6
7
9
20
197
163
8
7
5
8
13
1
1
14
3
36
2
6
9
37
9
5
3
1
13
4
9
6
13
18
3
4
9
3
1
1
2
4
1
20
20
29
1
1
28
6
1
2
7
6
4
3
2
1
6
3
7
1
30
1
2
2
52
5
5
8
6
9
6
1
2
1
1
29
2
3
1
1
7
13
10
2
26
6
2
27
31
8
9
1
2
7
2
16
6
4
2
17
4
7
2
1
86
2
19
2
1
19
3
4
2
8
3
27
11
9
17
4
4
5
16
3
29
1
4
273
4
2
3
5
2
2
67
278
6
93
7
2
16
2
9
3
12
4
6
4
3
1
2
4
3
7
2
21
8
1
5
5
10
22
4
10
5
8
3
1
1
156
3
2
5
9
2
2
3
19
9
1
10
46
35
3
5
1
88
2
20
8
1
18
1
6
15
23
12
1
9
9
4
310
4
16
1
35
2
1
2
10
10
3
17
1
72
5
2
3
6
1
13
1
11
301
23
2
13
23
5
1
14
4
3
14
2
11
11
2
93
59
3
1158
8
2
6
1
1
8
5
1167
6
6
1
21
3
90
6
17
2
26
1
12
2
13
13
1
7
3
87
4
1
82
6
3
1
7
8
2
18
25
2
17
5
1
14
2
2
1
1
2
1
7
45
5
5
9
2
5
4
17
2
5
81
2
146
17
2
41
42
27
2
4
3
11
3
12
2
245
73
4
5
3
2
4
3
6
87
4
44
15
2
12
4
11
2
16
6
8
3
1
7
1
2
19
17
10
7
20
7
42
18
3
3
85
3
77
6
12
2
5
3
13
1
5
12
9
12
4
6
2
5
5
40
5
3
5
2
6
2
5
3
6
3
2
3
29
3
1
4
13
6
1
27
9
3
1
11
13
3
1
13
7
6
13
2
8
6
343
15
138
6
55
1
2
19
25
49
2
3
6
4
12
2
9
1
1
8
45
1
14
13
4
1
1
87
1
10
3
4
21
45
24
1
11
5
9
1
2
3
41
4
5
19
1
36
4
2
1
6
2
1
3
1
1
32
15
22
5
1
2
10
1
1
2
4
2
2
2
2
8
4
1
2
16
1
9
24
26
8
13
9
2
3
5
2
1
4
4
83
2
4
1
5
4
89
10
15
3
4
17
3
3
1
15
23
1
10
1
16
1
1
11
4
2
17
8
1
365
67
2
1
6
2
13
3
2
15
4
1
4
9
30
44
4
4
4
2
3
52
1
5
57
2
2
14
9
4
310
5
9
11
20
3
9
1
25
1
5
8
8
43
21
2
4
2
15
7
1
9
16
1
11
2
39
3
3
10
28
1
10
1
3
5
1
34
8
3
26
26
4
8
56
1
87
207
13
7
8
10
1
5
17
32
3
19
2
9
8
4
28
155
2
13
7
13
4
4
2
8
2
1
89
38
22
58
3
5
1
4
10
3
24
8
3
6
341
3
4
4
3
8
2
2
4
1
388
6
15
5
6
4
12
1
1
16
17
1
1
2
44
36
5
22
1
4
3
5
9
19
1
100
5
13
7
3
3
47
1
1
26
4
1
25
1
4
8
22
14
4
15
14
3
6
5
5
7
6
2
22
4
5
2
4
3
2
2
37
2
118
2
4
29
3
3
44
30
4
2
4
66
1
11
3
3
1
3
3
1
10
2
1
16
8
50
2
7
7
4
6
2
7
2
2
1
43
6
14
1
16
25
20
118
3
100
12
56
132
29
101
1
111
1
9
14
3
5
4
5
3
5
12
20
8
5
1
2
4
7
19
7
3
12
3
1
5
3
7
28
75
21
9
1
6
5
7
5
2
5
63
19
1
1
4
51
2
1
4
34
11
8
1
3
5
3
1
58
5
3
13
12
11
9
2
3
4
1
1
7
19
5
2
12
1
28
2
10
20
2
2
14
14
2
5
1
10
1
2
4
6
3
1
10
2
1
3
5
12
14
16
79
3
19
7
1
2
2
13
1
3
1
3
22
3
4
5
21
1
3
9
5
6
4
5
6
9
1
4
20
39
17
137
145
11
4
53
2
4
8
7
2
16
4
7
16
4
2
35
20
4
3
1
5
14
6
2
3
3
1
8
12
3
15
2
8
6
1
1
1
2
21
4
9
17
7
5
2
1979
3
8
3
6
88
36
5
1
44
9
7
10
26
5
7
4
7
5
4
6
138
26
13
11
19
8
105
2
6
3
2
2
7
19
5
42
3
1
1
2
9
15
4
4
8
1
13
3
1
5
9
67
7
7
8
1
2
4
4
2
16
1
2
4
2
7
27
1
10
2
17
3
15
3
5
12
11
7
3
9
2
12
6
4
3
2
1
1
3
5
3
6
46
7
2
122
9
5
4
3
19
6
3
15
5
16
1
47
8
2
32
4
2
4
1
82
3
1
5
4
2
9
230
17
14
1
2
15
1
7
1
2
2
7
7
6
15
10
7
7
8
2
2
1
1
5
21
20
30
2
37
3
11
7
3
4
11
16
4
10
1
2
12
2
54
9
2
3
9
2
2
12
3
2
9
4
1
9
3
62
5
18
1
5
5
10
1
7
9
2
2
61
47
40
5
1
7
2
17
2
22
11
5
2
6
8
4
5
5
2
2
38
8
2
8
112
3
5
34
856
53
8
1
18
3
8
2
9
2
6
6
1
1
10
10
1
10
153
6
2
1
8
7
2
9
3
10
18
9
6
13
85
36
5
3
16
2
72
1
4
6
4
7
4
11
24
1
2
12
38
3
5
34
7
10
1
1
21
3
18
1
2
2
5
1
7
13
6
2
1
3
7
8
7
9
57
32
1
12
3
1
129
27
4
6
13
61
6
21
5
2
7
9
12
2
3
15
1
14
3
13
13
24
4
11
4
13
4
5
2
26
1
5
17
3
1
3
6
2
9
28
2
5
3
2
9
4
4
14
7
1
2
5
1
6
5
1
5
11
3
7
3
69
4
2
20
12
5
1
31
25
5
3
6
26
8
3
20
5
7
6
1
10
4
11
5
1
33
11
1
3
47
3
20
4
6
6
13
2
2
1
15
20
5
3
5
12
7
6
7
8
10
3
2
10
2
9
23
23
10
2
4
13
3
7
59
51
3
9
80
5
2
13
2
3
1
4
5
5
5
9
2
2
3
9
12
10
2
4
44
4
17
4
1
166
154
3
2
3
9
1
18
6
8
9
30
1
4
1
5
5
45
1
261
9
3
1
1
1
3
6
2
2
4
10
19
8
5
14
2
1
43
5
10
2
24
2
27
3
3
15
9
17
3
5
28
8
4
15
7
4
8
13
14
7
1
2
86
1
10
3
1
15
3
8
3
3
1
4
18
69
5
2
6
7
44
4
2
1
6
1
1
5
8
1
1
1
3
1
7
5
4
2
5
5
5
9
7
16
1
4
10
7
3
2
5
1
1
2
13
33
2
2
1
4
3
4
2
2
6
2
9
10
2
3
2
60
6
9
7
3
17
1
105
21
3
15
1
2
3
22
1
5
4
13
5
2
4
1
6
2
4
1
5
19
3
54
2
9
2
9
66
20
16
2
3
147
2
7
8
6
8
1
4
107
6
33
10
16
10
10
7
1
4
1
3
6
181
57
1
4
6
3
13
1
16
5
1
13
4
2
4
11
8
7
6
5
1
12
8
3
2
14
25
3
494
1
1
2
4
7
8
1
18
9
4
1
2
5
2
1
4
3
3
3
1
3
5
1
4
65
3
3
2
2
3
6
5
9
10
3
37
8
59
7
3
14
1
1
7
4
30
2
3
8
8
3
1
7
4
3
6
1
8
17
2
1
5
1
8
1
9
5
4
8
2
1
38
14
2
16
12
4
6
3
2
4
4
4
2
22
22
5
3
4
61
10
6
2
22
4
10
4
7
2
3
6
3
194
1
2
5
2
6
124
1
13
16
2
1
14
51
2
5
5
1
5
2
1
41
2
8
2
2
15
6
1
1
5
3
2
12
9
2
3
7
2
4
15
3
6
29
2
6
12
1
2
3
3
87
4
3
31
3
4
2
1
5
1
3
17
2
3
15
1
8
2
3
1
2
8
1
7
8
15
1
2
8
3
6
17
8
68
2
2
19
9
3
4
30
5
6
3
11
2
2
9
2
8
3
7
2
35
50
3
2
2
12
2
2
4
4
8
5
34
18
4
17
4
19
8
15
9
2
2
52
1
81
2
9
4
1
6
6
3
1
16
4
21
5
3
141
1
3
4
6
5
6
11
14
143
6
4
8
8
8
4
1
14
1
7
4
128
2
2
7
47
6
3
3
8
3
5
11
23
4
1
285
8
2
1
2
5
4
21
3
12
3
1
9
89
2
7
6
11
1
5
29
24
6
3
12
67
10
39
3
107
1
1
8
4
5
6
5
3
3
1
1
8
20
7
7
443
11
64
3
2
33
13
4
1
10
6
20
2
8
2
23
18
6
5
1
14
1
5
12
6
8
2
1
2
5
11
4
5
30
2
6
1
10
2
2
5
4
8
2
2
1
13
13
1
5
4
2
5
2
5
5
1
14
5
3
5
3
7
5
16
5
8
3
8
10
42
6
3
1
7
4
11
2
6
2
1
1
97
3
1
2
1
1
26
1
3
10
12
3
4
9
1
9
32
10
6
11
2
7
1
148
5
1
7
3
6
1
1
12
2
1
1
2
2
32
3
13
14
4
1
1
6
4
2
6
2
2
1
2
7
20
15
12
3
2
13
12
1
37
13
2
8
17
2
9
4
2
83
10
8
5
26
4
3
1
28
16
18
12
3
9
10
6
2
5
1
5
5
4
11
1
5
6
8
5
14
2
1
9
1
2
2
2
4
6
60
4
35
2
7
3
3
1
1
3
4
18
2
71
2
10
12
2
7
14
2
45
2
1
5
1
2
15
21
3
8
20
1
16
14
12
2
1
14
1
4
1
1
2
3
2
1
3
4
7
8
6
240
18
1
1
6
7
27
8
4
13
1
1
10
2
17
1
2
4
13
20
52
2
3
30
1
3
5
2
1
10
19
18
22
3
81
325
3
62
9
35
6
9
3
3
5
13
2
3
1
2
1
3
4
2
18
3
14
6
2
3
3
4
9
5
13
3
1
7
2
20
1
80
9
4
6
4
7
2
17
39
15
4
3
18
6
2
24
2
2
4
7
34
1
8
8
4
5
7
7
3
16
12
3
3
4
3
20
3
2
2
1
2
3
10
153
175
6
6
2
7
10
3
4
6
13
1
1
4
3
6
14
5
6
5
4
3
22
5
5
34
4
2
3
25
6
4
3
9
18
5
35
3
5
5
8
4
3
7
41
7
3
7
11
6
5
6
96
15
1
6
6
6
9
4
5
1
10
5
5
5
2
3
5
3
4
10
3
5
2
2
3
91
17
2
6
9
26
4
2
2
8
4
1
19
2
5
24
8
28
4
1
26
15
2
27
1
10
3
3
1
1
1
1
10
9
37
3
3
3
65
5
2
1
3
3
31
8
6
4
10
1
1
6
5
2
1
5
6
3
1
6
1
9
3
3
1
8
4
7
5
10
16
9
18
3
1
1
11
2
24
10
4
22
12
2
4
2
14
16
3
1
9
12
5
15
5
4
4
10
12
3
5
2
1
8
11
5
42
354
1
1
1
2
1
4
2
3
17
2
2
3
45
9
7
5
2
7
3
21
2
6
4
212
1
1
1
3
8
7
2
1
5
52
9
5
5
3
5
5
1
7
3
6
21
1
2
2
1
1
4
10
3
4
7
27
3
5
3
53
5
1
18
3
15
3
4
7
25
2
3
10
8
24
1
1
3
4
7
1506
4
2
3
7
1
1
4
2
6
3
13
1
3
2
1
3
10
20
28
6
1
2
3
3
1
14
1
2
3
1
3
45
4
1
26
12
17
3
15
14
13
3
2
2
4
5
3
2
12
12
3
7
1
5
3
6
5
2
1
22
10
3
17
4
6
13
3
2
1
33
127
1
1
34
2
34
2
75
9
2
4
5
7
2
1
6
3
4
7
130
2
11
4
2
59
3
4
1
8
12
1
7
1
4
1
4
53
8
4
2
6
3
2
7
5
21
1
3
10
3
3
5
3
9
4
7
5
8
12
8
6
3
5
1
3
1
1
3
14
16
5
4
1
4
7
4
5
10
14
7
3
1
13
4
6
13
9
2
2
1
3
4
2
1
2
13
9
9
16
18
10
21
5
4
3
1
4
1
1
57
13
6
10
3
4
2
1
13
8
5
2
1
9
23
5
4
2
3
10
7
8
46
13
3
2
2
4
13
9
3
1
6
1
7
36
2
4
4
6
1
1
9
24
8
31
229
18
16
1204
25
1
3
3
7
2
3
1
13
16
7
33
3
37
1
7
9
12
10
12
8
23
27
5
180
23
2
2
12
1
2
24
3
1
6
3
2
44
19
4
7
1
413
22
3
5
1
12
5
3
79
14
21
36
2
3
2
1
8
13
26
12
4
4
2
44
6
21
11
1
2
96
1
32
1
6
12
1
32
2
3
4
9
17
2
5
2
63
15
6
9
1
8
1
2
4
2
3
13
2
1
2
9
1
1
29
15
13
3
1
2
23
4
12
9
15
7
68
6
3
35
26
38
17
4
6
52
10
23
7
2
6
13
20
451
21
107
1
14
68
69
13
5
8
1
83
8
31
4
3
1
19
8
1
4
1
6
5
13
37
16
5
508
1
2
3
3
1
9
4
54
3
20
1
88
1
8
1
1
7
20
4
55
4
15
2
1
20
1
2
7
11
3
7
5
15
5
16
22
9
8
8
11
106
6
4
1
2
2100
263
13
5
1
2
4
117
124
2
4
34
18
1
131
5
52
28
7
4
10
2
23
4
6
3
10
3
1
23
1
2
35
2
1
23
31
1
97
13
1
14
1
8
43
35
4
3
15
1
3
15
3
4
6
386
24
31
9
3
15
6
2
39
7
8
3
8
1
4
2
10
3
105
92
7
6
2
5
2
9
4
14
2
10
60
1
2
2
1
8
6
17
18
12
36
4
3
4
1
68
1
7
28
17
5
3
1
1
2
2
15
5
2
2
10
1
3
9
1
14
3
2
11
15
5
7
7
7
262
24
12
25
7
31
3
5
23
2
1
139
3
2
16
10
2
9
1
58
28
8
4
14
6
6
2
1
82
5
6
1
8
3
5
3
3
10
1
1
2
91
2
5
6
15
19
4
11
1
2
6
5
28
2
1
12
2
1
387
5
1
145
22
1
57
3
1
4
156
2
101
4
1
14
13
21
42
1
3
8
1
5
1
120
11
8
3
26
7
5
12
9
3
4
6
27
4
8
7
11
1
5
6
58
4
10
9
2
10
2
1
12
17
3
11
2
7
3
11
3
2
5
12
10
10
50
1
7
3
5
103
12
4
6
2
5
11
13
1
1
1
22
2
5
28
7
1
1
217
54
6
1
1
8
7
7
12
1
55
3
29
5
5
4
11
18
30
3
9
14
1
5
20
15
1
12
14
2
10
14
22
2
31
2
2
2
1
1
21
9
8
5
6
2
8
2
2
3
16
2
13
6
5
10
17
1
5
7
108
1
31
7
4
453
8
1
1
11
7
2
11
1
3
2
46
3
6
2
5
4
23
7
86
3
189
1
9
3
7
2
13
2
1
11
2
1
1
3
6
3
6
7
10
6
92
2
1
3
36
7
15
4
12
63
25
1066
4
20
7
7
11
5
5
9
1
3
2
2
38
7
12
1
1
1
3
311
3
8
6
2
1
2
6
5
12
2
14
4
47
17
14
5
32
5
6
21
10
15
1
71
6
6
5
225
2
3
1
1207
65
9
5
9
5
7
5
3
1
32
4
12
19
9
8
3
1
10
12
6
2
1
5
3
6
3
26
3
4
1
1
34
1
6
86
177
6
5
1
14
5
19
4
10
19
3
7
2
36
12
3
1
17
6
1
2
19
47
22
7
182
4
12
2
9
2
7
19
3
15
7
1
1
8
8
3
7
6
43
1
5
2
14
17
10
10
1
33
5
5
9
7
1
4
3
3
3
10
17
15
2
13
1
4
6
4
2
35
6
9
9
28
66
2
14
33
2
4
150
5
3
11
59
7
2
1
120
2
2
1
19
6
3
4
5
3
5
8
1
11
9
191
20
31
9
11
7
3
43
68
5
161
246
1
1
6
2
59
6
7
2
17
3
312
3
2
1
3
1
3
3
2
75
8
2
1
1
1
1
1
1
2
1
6
11
7
7
2
2
50
2
25
5
41
7
8
34
8
1
1
12
4
4
1
102
17
22
12
11
1
2
4
12
3
19
7
3
2
7
3
11
3
8
12
2
5
31
2
7
7
3
18
3
26
1
1
2
5
5
7
3
33
1
14
8
9
1
20
10
5
3
8
3
1
12
1
4
3
2
15
16
3
6
30
12
3
175
21
6
15
1
1
2
2
2
38
1
5
2
3
32
2
263
9
1
14
1
2
1
18
1
3
2
1
3
34
2
4
41
3
10
1
2
2
5
6
1
2
18
2
4
12
20
7
2
14
9
2
1
1707
7
2
24
4
11
1
2
49
6
51
105
171
5
12
3
12
13
22
2
3
16
3
2
7
3
7
2
1
9
18
1
5
16
7
5
5
7
29
2
16
1
53
1
1
71
19
10
1
2
1
3
9
36
1
2
3
2
3
11
10
2
1
4
11
35
3
12
2
2
7
84
4
21
1
3
20
3
1
11
3
1
1
38
41
1
3
2
1
1
2
2
27
1
22
19
1
80
2
13
6
2
6
18
3
24
23
2
2
18
9
155
2
8
4
31
1
13
10
7
8
10
1
11
4
35
5
49
4
8
12
13
5
9
2
13
10
12
1
1
1
97
2
8
11
2
2
8
4
5
194
6
1
15
3
3
5
352
74
1
10
5
3
4
1
15
55
16
47
18
5
3
1
23
9
13
4
1
1
9
1
56
10
2
6
1
4
9
4
1
7
3
5
3
25
4
5
2
19
12
42
5
19
1
1
1
3
49
14
8
9
9
2
3
51
5
6
3
13
2
90
6
4
1231
2
5
54
28
5
3
16
1
4
1
11
4
11
13
37
4
3
7
4
3
60
22
14
2
2
6
1
21
23
8
12
6
28
1
10
1
3
4
5
1
2
2
1
3
16
17
3
2
15
1
1
2
4
2
2
16
12
15
2
5
5
3
2
8
6
32
30
3
27
7
1
13
1
5
7
16
13
3
3
5
6
22
149
1
79
1
12
9
14
6
10
1
22
8
10
9
40
14
9
13
3
7
5
4
2
9
86
2
3
12
4
3
190
30
15
1
7
23
1
14
3
15
13
3
1
1
2
30
2
14
9
27
38
2
2
163
1
7
7
2
1
134
16
3
2
29
4
1
21
19
17
18
1
26
1
3
2
21
4
14
235
4
1
4
1
9
7
20
3
39
11
10
1
7
3
16
3
1
2
6
19
36
4
7
8
4
7
18
2
14
1
8
40
9
9
2
74
163
1
1
1
38
1
12
1
46
13
25
15
2
4
5
16
29
4
1
2
6
53
6
15
98
5
5
1
9
364
7
15
2
2
31
3
7
2
14
3
3
1
3
1
4
2
3
12
3
2
1
240
5
36
3
1
13
2
5
7
2
16
2
5
3
2
68
9
2
5
6
16
2
2
1
29
3
3
4
1
7
4
9
5
17
1
2
16
8
8
9
2
6
2
12
1
2
11
3
1
11
28
3
1
1
1
1
9
3
2
1
1
14
1
1
6
25
4
2
23
1
1
50
1
1
9
8
2
19
5
14
3
1
3
3
6
3
18
123
5
8
3
8
4
8
1
3
18
16
30
8
1
1
1
2
1
4
12
2
2
5
6
2
39
6
32
4
1
13
7
2
14
20
14
58
4
3
5
1
3
5
5
14
4
2
2
8
1
2
3
14
1
15
12
3
3
8
4
6
2
12
1
36
5
4
1
9
4
5
1
1
8
30
129
2
58
19
17
9
3
1
1
3
17
3
4
2
75
16
2
3
14
17
7
2
8
3
26
5
3
10
1
2
19
20
2
6
8
4
3
5
2
185
4
5
1
10
235
31
5
3
1
128
3
3
17
216
10
7
3
3
82
5
4
5
8
11
2
1
4
3
1
131
1
14
1
2
4
14
2
12
74
5
34
294
4
4
1
37
3
3
17
17
85
1
6
5
16
1
15
17
29
208
3
1
9
20
104
8
57
4
22
1
6
3
5
36
1
9
1
37
21
3
5
45
16
5
3
1
8
20
3
277
1
1
12
1
1
2
6
8
37
2
5
4
1
5
1
10
4
28
1
5
4
4
4
35
131
6
21
22
2
12
8
2
20
1
3
5
52
1
6
5
3
4
5
3
3
4
2
3
16
6
6
2
1
12
245
3
4
5
2
7
8
1
1
16
10
3
6
1
6
5
1
19
24
7
1
45
23
5
1
2
3
1
31
5
3
1
8
3
45
18
17
37
6
9
11
2
1
3
7
3
1
12
77
8
22
1
6
8
1
15
12
10
95
6
1
7
4
53
7
2
1
9
7
15
5
2
2
1
2
146
4
9
3
5
4
8
38
2
1
1
3
7
15
1
35
6
1
2
1
4
32
7
26
4
7
1
8
11
33
1
50
6
13
2
3
3
33
13
19
3
3
6
69
16
1
8
3
3
6
2
19
4
8
8
2
8
5
8
4
101
4
6
1
2
3
73
13
6
1
1
2
7
95
7
2
3
6
1
13
17
3
8
7
10
2
2
1
8
2
6
10
1
3
1
2
1
1
1
49
1
9
6
7
3
24
9
66
1
2
1
1
1
3
6
3
5
4
23
2
5
1
3
31
36
9
6
1
2
11
8
1
2
9
105
56
1
202
6
8
1
6
14
6
2
2
16
11
1
1
10
3
10
12
1
5
1
16
30
10
1
17
1
25
2
3
56
47
2
2
2
3
5
29
6
7
17
6
1
2
4
2
11
12
3
5
31
1
3
2
19
18
1
43
20
19
1
5
1
12
15
34
6
2
7
6
11
3
9
1
6
19
2
4
944
1
34
3
27
46
22
5
11
37
6
2
10
25
12
8
5
3
5
1
3
6
7
41
60
2
2
31
7
2
7
216
1
6
8
4
2
8
1
2
3
2
5
106
1
7
7
9
2
8
6
1
22
1
2
4
13
7
4
4
10
1
3
37
4
4
1
5
11
1
1
5
3
31
9
4
134
5
2
1
1
2
1
49
2
4
41
2
3
127
9
2
9
12
2
22
1
10
2
9
4
3
5
6
2
19
5
14
1
26
6
8
78
1
55
2
5
4
6
3
7
7
2
6
5
1
9
1
4
104
11
2
3
5
2
1
4
16
17
2
10
1
11
20
2
9
16
10
3
2
1
4
40
1
1
2
1
2
10
4
1
2
32
6
19
26
2
3
10
7
12
5
4
1
5
37
5
25
9
2
54
1
25
1
12
21
6
1
26
33
9
5
2
2
37
5
22
50
3
5
2
2
18
5
3
16
7
4
10
11
35
14
1
27
5
5
25
15
1
4
2
3
5
6
4
6
3
10
6
10
8
6
5
16
11
30
1
29
5
53
1
1
1
20
4
7
1
1
6
7
3
10
1
9
4
2
22
35
12
13
2
10
10
14
5
8
1
42
1
10
13
15
6
1
4
1
2
3
5
14
7
1
18
1
3
10
40
1
20
15
5
5
3
1
1
30
1
3
6
2
1
16
6
6
1
5
1
3
2
1
2
4
2
1
19
3
28
87
1
2
40
2
1
5
3
1
22
4
14
13
4
3
3
5
50
11
4
4
5
36
110
10
2
1
7
11
5
59
6
1
3
5
2
1
8
2
12
1
1
1
3
6
5
5
8
3
2
4
1
2
5
6
41
18
9
2
32
24
1
2
1
2
3
2
14
7
9
1
8
9
3
2
13
1
10
3
15
31
3
7
49
6
2
3
1
14
31
33
3
1
1
4
1
1
2
159
4
1
4
2
6
1
7
5
1
5
6
5
4
2
6
13
32
2
2
1
9
2
238
2
1
4
1
12
5
69
22
8
25
3
112
133
4
15
16
18
1
3
3
1
1
1
2
18
10
3
9
42
25
10
1
11
6
7
1
2
1
5
10
6
17
3
1
72
50
22
4
51
11
2
5
6
3
1
4
12
1
1
11
2
6
7
15
8
12
14
8
4
2
2
12
1
2
56
5
1
28
11
2
3
22
2
4
7
2
8
1
2
11
28
5
33
22
1
9
8
13
2
1
9
2
5
1
4
4
5
7
5
1
16
2
11
5
6
5
7
2
2
1
1
5
51
13
4
156
2
3
3
46
2
4
13
6
1
2
7
9
6
7
187
2
4
1
4
8
1
2
2
6
4
10
9
1
2
2
1
1
2
2
3
4
2
13
12
5
13
1
3
1
177
14
9
5
26
10
6
1
9
1
2
5
1
5
46
9
24
36
3
1
4
4
2
2
22
1
10
6
1
4
7
49
2
2
3
18
41
12
1
23
4
24
1
2
29
1
120
8
52
10
7
32
36
8
1
3
1
1
8
13
6
14
7
5
1
2
14
24
3
6
8
1
10
1
1
1
4
11
10
3
4
1
90
8
4
22
6
1
3
6
1
3
2
116
3
1
6
3
1
14
6
1
1
111
6
11
2
2
4
5
1
1
27
1
3
1
11
1
3
47
1
17
16
5
35
17
12
3
1
290
2
10
4
2
2
31
30
1
1
10
33
2
2
4
14
1
1
13
7
5
4
1
82
22
16
8
5
11
12
11
10
1
16
3
30
4
3
1
2
11
29
12
399
27
3
7
22
24
2
36
2
3
11
73
5
4
2
18
1
6
1
5
13
2
4
2
28
2
3
1
5
35
11
10
2
2
1
27
2
9
15
13
1
1
1
1
9
48
10
2
21
14
8
4
63
2
2
82
2
29
1
6
10
4
5
22
9
4
17
1
3
7
20
3
14
2
12
5
46
17
10
4
3
1
4
2
21
21
1
1
7
3
1
1
4
2
4
154
13
14
51
7
20
3
22
6
11
1
4
6
135
142
1
17
30
7
9
15
11
2
22
9
18
5
4
2
13
1
6
9
22
14
1
1
57
133
1
2
4
8
15
8
2
2
2
3
14
20
16
1
14
5
4
5
7
1
7
12
9
3
25
3
5
13
10
2
1
347
1
5
2
3
5
34
35
11
9
3
1
9
1
12
2
1
24
4
2
3
1
19
3
9
1
7
46
1
15
1
4
1070
22
11
132
1
12
6
1
6
1
2
1
2
55
158
2
8
7
19
3
8
8
5
2
3
1
28
9
9
8
8
7
8
3
5
5
2
2
1
9
41
23
9
7
2
1
14
7
5
18
3
34
1
85
1
30
4
17
8
1
30
3
1
4
28
1
7
54
15
15
2
11
4
12
7
5
14
3
2
7
3
1
12
169
3
3
4
1
2
1
10
3
6
17
2
1
8
4
1
4
35
109
4
3
3
4
13
10
1
8
2
2
1
6
9
9
15
4
1
7
1
41
33
11
8
130
62
2
1
3
7
16
2
21
2
3
1
48
10
3
2
2
17
7
1
1
1
1
4
3
32
1
1
3
24
7
1
20
1
3
20
26
6
5
4
28
16
103
4
5
3
4
6
4
2
2
2
4
2
7
17
2
8
1
34
2
8
36
2
6
2
8
2
30
4
38
3
5
9
34
1
5
1
1
2
7
1
35
1
4
8
10
6
12
8
10
1
1
95
5
1
1
13
1
16
9
9
1
29
1
6
4
27
8
1
323
1
14
2
2
2
14
1
7
40
38
1
2
16
5
5
4
6
1
19
3
3
2
1
2
2
6
4
1
9
7
7
2
3
1
1
1
5
26
17
1
14
23
2
19
1
4
5
5
6
1
7
2
3
4
1
2
7
2
8
2
19
6
5
9
3
15
2
1
4
1
38
1
4
12
1
1
1
1
4
1
1
16
1
4
40
1
12
7
6
3
2
6
8
2
5
3
2
14
1
7
3
4
1
3
2
4
2
23
7
2
2
8
2
14
21
3
1
21
15
20
1
2
7
1
5
3
2
6
1
32
1
2
16
2
3
4
7
4
10
1
6
3
7
6
1
9
16
4
1
2
22
7
6
12
37
15
1
12
10
13
1
1
3
7
9
3
2
35
2
1
10
2
9
6
1
2
11
7
9
3
5
1
1
1
3
4
5
7
3
3
4
3
2
27
4
2
1
19
5
3
5
2
8
2
3
1
4
1
2
25
8
9
1
1
6
10
3
8
2
19
2
6
1
26
2
1
8
25
1
1
1
3
7
1
4
2
8
3
2
23
1
15
16
4
30
1
12
1
3
14
1
1
1
22
1
6
5
2
7
6
6
9
21
22
3
2
8
14
4
8
2
2
3
3
4
553
8
10
2
362
18
7
9
1
16
10
7
6
16
21
1
1
5
95
1
1
17
1
2
28
4
17
1
4
3
8
12
17
1
2
26
4
19
1
4
6
2
4
49
3
11
75
9
11
5
20
2
5
6
8
4
1
2
8
14
8
2
1
4
2
2
9
1
4
12
2
7
198
4
7
3
4
10
4
20
26
1
3
7
44
2
3
10
18
26
1
3
6
10
6
3
6
17
1
8
1
5
2
5
27
5
1
12
9
2
11
4
5
3
14
15
2
6
22
3
2
6
41
1
12
12
12
4
7
8
1
2
6
2
1
43
2
2
2
19
27
4
5
18
6
3
1
1
7
3
76
4
9
3
2
4
11
5
3
4
78
3
1
4
4
102
15
2
3
4
44
48
1
2
70
3
18
6
5
4
4
20
5
1
2
3
2
2
2
6
4
5
4
3
6
6
3
11
5
20
4
1
19
4
1
4
4
105
5
3
1
2
11
1
256
1
1
11
4
2
59
1
3
1
4
2
7
1
2
27
1
5
1
5
15
9
1
2
2
4
1
15
2
4
10
10
22
5
4
16
17
1
1
2
10
1
253
5
9
1
18
5
46
1
37
1
13
2
6
66
2
10
6
5
1
3
4
9
3
48
2
2
19
21
20
7
13
1
4
25
3
3
6
1
4
1
2
28
14
2
1
1
42
15
80
12
2
1
10
13
6
5
1
11
3
2
1
2
5
16
18
2
21
1
3
15
4
29
8
3
63
2
1
1
6
1
1
6
11
1
4
2
26
3
85
4
1
9
9
4
6
18
10
41
63
21
4
1
11
13
49
2
2
2
291
1
1
2
3
5
4
5
17
2
1
5
2
61
4
2
40
10
1
1
1
1
11
30
73
10
11
22
2
2
10
38
8
11
56
11
2
1
11
6
5
2
21
3
9
1
2
10
4
1
3
1
7
1
5
2
74
28
26
10
4
11
3
4
3
7
2
2
3
4
1
4
1
1
4
4
1
61
8
3
6
8
6
5
10
24
12
19
78
6
112
10
9
11
2
3
7
3
15
1
2
5
6
4
1
17
9
1
2
5
2
1
4
4
9
36
16
6
12
47
2
2
2
19
5
3
5
3
3
11
4
73
7
2
3
10
3
1
12
40
2
5
3
2
1
3
6
5
15
5
25
1
4
8
1
11
7
4
17
2
1
4
18
5
3
3
2
34
4
1
1
1
2
1
6
1
21
5
2
2
12
2
3
11
4
9
1
4
1
39
7
11
2
10
2
13
115
1
5
1
5
4
16
2
2
9
1
2
17
46
73
1
12
1
8
12
57
4
1
2
3
1
1
8
1
11
3
88
12
1
2
1
21
1
1
9
5
7
1
4
12
1
3
1
11
12
1
15
58
13
1
1
4
1
26
31
5
1
5
3
11
27
3
43
6
4
2
3
1
21
2
1
17
8
4
2
2
108
9
7
1
11
19
27
735
55
7
15
5
25
3
12
3
6
18
2
1
9
7
4
3
7
9
8
1
7
1
6
4
3
2
7
2
8
1
18
4
2
1
4
2
13
1
1
32
68
6
2
3
7
7
10
14
12
2
2
6
5
6
11
1
1
12
1
5
1
1
18
5
3
3
4
2
3
10
2
1
70
11
5
8
4
4
1
8
58
3
2
12
8
10
14
2
4
4
12
2
23
3
7
22
15
12
9
2
6
5
6
10
1
69
1
1
3
10
2
2
1
87
7
10
8
1
6
4
1
5
8
2
4
15
4
3
7
7
18
1
3
1
4
10
13
3
3
2
3
11
44
7
19
32
1
16
1
8
3
7
40
2
2
43
10
13
1
7
14
4
3
4
20
3
1
4
3
5
6
13
8
15
9
1
153
9
30
4
2
4
15
28
4
79
1
22
7
1
2
6
3
18
4
5
1
10
4
1
2
31
19
3
28
7
3
7
3
8
3
1
7
6
1
1
41
5
1
2
5
6
8
4
8
1
8
10
10
3
2
2
1
23
5
1
6
1
18
24
3
1
36
4
2
9
2
4
6
4
16
1
10
4
20
8
11
10
1
1
1
90
9
24
37
2
4
13
1
12
2
12
5
2
16
5
1
1
19
36
1
4
1
2
4
17
3
15
4
14
9
6
3
7
4
11
2
2
33
6
13
2
1
4
14
5
4
63
2
5
26
11
5
17
4
4
20
49
3
13
7
2
37
2
10
21
5
4
11
1
11
6
20
11
7
2
3
8
18
1
8
4
2
12
26
6
14
1
1
12
1
3
3
2
2
66
2
14
3
5
10
3
3
2
4
3
7
4
4
1
1
39
6
15
4
2
1
2
1
10
2
1
26
18
2
2
4
2
6
14
29
26
1
2
2
2
1
3
10
26
1
12
98
3
20
4
2
5
7
3
5
2
3
12
1
3
3
81
1
6
6
10
12
2
6
3
6
2
8
12
26
13
3
5
24
14
14
7
4
2
16
2
19
5
19
6
7
7
1
4
1
9
12
1
6
1
3
12
1
6
3
1
1
7
3
2
3
15
1
1
24
20
3
15
10
3
4
19
3
65
2
6
6
1
106
1
9
7
14
3
28
64
1
7
5
1
2
11
33
28
1
9
16
5
4
8
7
1
1
9
15
154
7
20
15
13
2
1
1
7
1
1
15
1
5
9
5
2
1
8
44
2
3
7
2
2
2
8
5
2
8
6
9
2
10
3
4
1
6
16
1
3
5
24
5
2
3
8
13
1
2
44
4
1
2
1
54
23
3
6
9
9
10
3
1
10
1
23
2
11
18
37
1
2
13
25
14
3
11
12
29
4
2
9
3
1
2
6
12
2
9
5
7
2
5
57
4
14
2
4
3
6
4
6
2
1
2
2
6
3
11
16
14
8
4
4
10
9
6
3
6
4
11
8
4
11
3
9
14
99
8
15
12
1
1
10
6
5
1
14
3
2
1
2
7
6
4
2
2
6
3
1
5
2
5
7
11
6
1
9
4
7
1
2
3
3
4
3
19
9
2
4
32
1
3
14
1
32
1
12
11
2
3
3
4
4
3
8
2
1
4
4
2
23
2
6
5
11
2
1
1
1
3
8
2
12
8
3
8
1
6
14
1
31
1
11
1
5
3
17
21
2
1
1
6
1
53
3
5
8
3
5
5
3
38
7
43
4
1
1
7
2
13
4
1
1
1
2
6
1
20
100
6
3
1
29
11
4
3
5
1
2
27
40
3
9
6
4
5
4
2
14
9
1
1
1
2
10
2
7
15
3
1
10
1
6
1
4
64
3
1
9
15
1
10
1
10
2
2
16
3
6
1
2
3
1
1
2
4
4
1
4
3
1
4
1
6
28
1
5
9
7
59
2
1
4
1
12
42
7
2
5
2
3
2
1
1
4
1
56
1
6
8
9
12
29
4
155
4
15
10
6
2
3
2
1
2
9
4
1
2
65
3
2
4
1
11
161
2
6
5
2
3
18
31
2
1
3
5
2
5
2
1
1
4
11
3
6
1
15
1
8
11
16
4
5
6
1
7
9
1
6
1
1
2
4
12
2
2
2
2
2
33
4
4
3
5
4
3
1
2
6
8
4
3
8
6
46
7
9
4
6
12
3
1
84
1
2
2
6
3
6
6
18
14
6
2
10
2
11
3
7
2
9
3
2
1
81
10
13
11
1
4
1
5
4
13
2
14
11
2
1
2
1
3
1
1
2
28
6
5
1
1
1
8
2
3
4
2
7
15
5
5
2
1
15
1
9
32
6
1
2
14
5
2
3
1
6
32
4
2
8
14
3
2
15
92
9
3
1
1
9
16
8
2
4
14
7
139
5
19
8
17
7
2
2
16
1
3
1
6
3
1
2
13
2
29
1
6
4
3
19
6
3
1
29
88
1
1
6
3
5
1
2
2
10
2
3
7
1
1
1
2
2
5
10
51
10
2
15
1
1
3
8
4
2
1
2
16
1
8
1
9
2
4
14
3
121
4
6
1
19
2
2
3
15
33
13
10
3
2
3
1
2
18
3
21
1
14
1
2
7
1
8
2
13
1
22
3
4
1
3
2
2
9
1
3
3
10
1
1
34
1
2
6
11
1
5
2
2
9
1
4
10
11
3
5
3
10
2
5
273
1
3
1
20
1
3
29
2
14
2
5
4
3
4
10
1
8
11
1
1
15
7
4
2
4
6
8
3
1
2
12
2
5
7
1
5
33
8
6
1
7
6
9
9
9
18
9
9
5
16
1
3
47
40
1
10
1
12
2
6
18
20
1
12
13
1
22
3
6
1
8
14
4
11
15
8
4
11
9
1
1
1
4
8
20
1
4
2
15
6
177
1
9
6
16
142
26
1
32
3
9
1
4
2
3
2
1
3
47
4
2
2
1
21
15
6
2
1
67
1
4
3
9
5
3
1
29
2
38
6
7
1
5
7
15
8
20
4
4
1
1
6
34
4
4
56
1
6
4
12
208
9
138
3
26
45
3
217
1
3
1
19
1
18
8
12
4
2
4
27
24
2
3
6
5
14
3
34
6
2
9
3
13
15
7
6
1
2
8
3
19
11
3
2
4
2
100
1
5
4
9
2
4
22
3
4
65
2
113
10
1
2
8
9
4
28
6
3
2
6
5
12
152
40
23
1
11
2
23
8
2
4
6
2
9
7
5
3
9
9
2
3
3
10
1
4
3
2
1
1
1
3
7
15
1
1
23
2
1
2
1
8
4
11
7
5
2
1
2
3
3
24
47
17
2
1
1
9
2
43
2
2
6
4
2
4
4
2
1
2
30
27
4
11
8
1
1
3
7
1
5
1
18
7
9
9
2
10
27
8
22
2
6
5
11
9
15
5
31
5
15
1
5
2
5
4
1
13
1
2
6
1
1
3
11
3
8
15
1
1
1
5
15
5
5
4
1
1
10
1
26
5
3
9
2
3
20
1
3
2
1
1
2
16
2
1
9
2
49
3
15
24
6
6
5
3
1
6
39
4
5
1
6
11
1
6
6
5
91
19
9
38
1
3
15
7
20
3
10
13
17
1
20
1
4
4
27
4
1
2
7
13
3
1
1
12
2
12
2
2
5
14
5
2
1
1
1
2
8
1
1
13
18
2
1
3
14
13
3
49
1
1
4
6
4
2
1
11
2
5
14
7
1
1
10
24
1
1
16
6
7
7
10
19
4
95
12
5
10
1
4
4
3
5
1
9
9
46
6
1
23
15
13
10
10
6
12
5
3
9
33
3
137
7
2
20
2
4
10
1
12
3
2
17
9
1
9
13
39
26
2
8
1
22
1
11
1
14
6
15
2
9
59
40
1
4
1
4
1
9
11
1
16
1
5
1
3
11
4
15
13
1
2
1
7
5
9
3
19
3
9
8
3
9
10
3
8
2
1
7
2
10
1
3
9
11
1
11
9
25
1
4
4
9
4
2
2
12
38
19
2
3
7
8
3
13
1
11
13
21
1
5
4
1
1
21
1
13
3
7
5
3
3
7
6
2
2
4
3
6
1
17
5
3
1
2
5
1
8
1
3
1
2
3
1
10
6
7
104
3
11
16
2
1
2
1
1
62
5
17
15
2
18
18
9
8
4
9
4
11
5
29
3
9
192
2
10
6
4
2
3
20
14
6
7
3
5
4
4
9
1
56
4
1
9
17
4
1
1
15
1
8
1
1
25
6
1
11
24
2
1
4
41
15
1
1
1
1
1
21
5
4
1
1
40
20
10
17
3
2
19
9
1
2
9
106
17
11
11
2
3
12
1
1
2
8
4
3
19
1
3
15
1
7
3
2
14
16
4
1
15
1
22
7
5
28
3
1
20
6
5
3
3
28
6
2
9
3
6
4
12
10
11
2
6
3
3
1
1
4
5
2
10
60
2
1
1
17
2
3
4
1
2
4
5
3
3
8
6
2
8
4
1
1
1
2
1
4
3
1
25
135
5
14
22
9
10
24
3
5
9
13
14
3
26
1
15
5
7
27
24
8
10
3
1
1
1
5
3
1
1
3
1
6
3
27
119
22
4
12
2
2
29
3
3
9
13
3
5
29
1
5
1
8
8
6
4
2
10
10
7
7
2
6
17
2
27
2
3
2
5
3
19
1
6
6
8
34
2
6
2
1
2
2
52
14
3
3
4
26
1
3
32
1
3
3
4
7
3
2
2
3
9
1
2
2
2
3
1
1
19
4
2
4
4
4
5
2
10
5
1
1
3
14
1
2
23
1
1
1
3
3
3
16
11
13
4
23
56
1
9
1
6
2
24
1
6
8
21
9
3
1
2
4
2
2
2
17
1
4
10
2
4
1
18
1
4
3
4
4
1
7
8
11
1
3
1
10
1
27
5
4
7
1
2
3
1
1
9
3
16
6
2
3
12
3
7
155
4
1
5
1
2
2
2
2
1
5
67
1
3
3
111
11
3
9
5
2
7
9
2
1
16
1
5
5
16
20
1
1
1
8
6
7
24
2
18
16
1
32
4
1
1
1
28
2
9
10
30
5
1
17
11
1
10
5
5
7
22
1
2
4
8
2
1
1
1
9
1
1
7
1
1
8
2
5
3
6
1
3
5
7
18
10
1
13
2
8
6
4
2
4
4
1
28
1
5
2
1
11
61
5
12
1
2
2
6
27
2
9
3
1
21
3
6
5
6
1
10
1
10
2
1
1
6
1
43
3
2
3
2
12
5
1
1
32
2
27
1
1
17
1
6
4
18
1
3
19
1
2
2
3
1
1
3
6
12
15
16
5
3
2
5
34
2
8
6
7
2
13
13
4
2
1
6
4
12
1
1
3
43
3
12
1
12
3
3
1
6
4
87
24
15
3
2
2
1
2
17
2
1
3
4
4
4
2
1
6
7
3
3
28
4
9
36
12
3
14
5
8
2
30
11
6
6
5
10
3
5
49
7
5
1
3
1
8
1
2
3
3
20
13
2
29
1
8
12
1
3
10
1
27
2
13
8
12
5
9
2
4
1
13
1
8
76
146
4
2
8
3
7
5
1
5
6
6
4
3
2
1
6
4
8
1
2
12
5
3
4
3
5
6
1
4
16
9
9
11
2
6
10
2
1
8
1
12
7
1
4
2
7
4
1
9
1
1
7
3
19
1
10
6
1
23
1
4
5
1
11
6
2
10
5
58
25
3
7
2
13
1
48
2
213
2
2
18
2
4
1
5
39
1
1
10
1
6
2
8
20
8
1
5
163
2
1
1
1
3
3
3
2
1
6
2
2
14
8
15
3
1
4
20
5
7
1
1
1
200
1
14
1
3
54
1
9
24
22
21
4
1
4
7
7
2
1
1
4
58
2
4
2
7
5
3
6
3
3
9
9
1
1
6
4
1
1
5
8
3
9
10
5
7
6
2
3
1
3
1
76
1
1
7
1
2
2
2
22
5
3
14
5
1
13
6
7
11
3
19
8
21
5
5
1
2
10
3
1
4
5
1
12
25
2
3
1
5
5
1
21
9
3
8
18
2
12
2
13
7
2
6
5
16
2
2
1
23
2
1
3
5
19
3
3
52
2
12
2
9
2
3
1
2
11
1
4
2
6
6
7
1
3
148
14
2
2
1
17
1
20
7
20
15
3
2
7
9
15
1
1
3
9
2
6
7
10
1
1
1
15
7
18
17
48
12
6
2
1
32
8
2
1
13
14
7
1
1
18
13
5
11
8
1
6
17
11
27
1
12
1
4
8
5
7
3
1
3
1
6
3
3
2
1
3
2
5
11
2
65
4
3
17
1
1
5
6
1
1
5
1
10
16
2
3
19
1
6
23
10
1
4
1
4
1
8
2
3
3
31
1
7
1
2
1
1
1
3
9
5
6
4
3
1
2
3
6
15
6
4
3
4
1
3
5
2
1
14
2
1
5
6
1
68
7
3
1
12
5
3
10
1
1
4
6
7
13
10
1
4
44
6
5
7
2
1
3
6
3
3
2
84
11
1
9
1
2
1
1
1
1
7
6
11
1
1
6
4
3
1
9
3
6
1
16
15
2
1
8
2
3
8
5
1
7
3
53
41
5
1
1
4
1
11
1
3
3
6
2
5
3
3
2
12
3
3
5
16
17
9
3
3
1
2
4
2
29
12
1
14
2
1
2
1
7
1
1
14
4
6
5
1
19
3
1
2
34
2
3
2
3
9
1
2
1
5
4
1
2
4
12
1
1
2
4
2
4
1
1
5
1
1
12
2
2
10
4
7
2
22
7
6
1
6
1
7
1
1
1
4
8
2
1
3
1
17
1
9
13
12
18
5
7
2
1
1
1
2
1
1
11
8
3
1
1
2
3
26
1
6
4
9
1
3
2
1
1
2
1
4
4
6
5
6
3
4
1
3
3
168
5
5
5
1
11
82
3
3
23
1
9
1
3
12
2
5
32
2
5
17
2
1
78
5
11
2
1
8
13
5
8
5
3
14
2
7
9
1
1
4
1
3
6
1
21
1
3
4
3
9
1
4
1
1
34
2
1
4
10
14
46
2
1
10
1
30
4
68
5
4
5
1
3
17
1
2
1
1
1
1
10
5
8
26
2
1
16
6
5
1
1
10
2
16
4
2
5
9
3
2
3
5
1
7
16
1
16
3
2
2
1
11
8
4
6
8
1
7
11
2
2
7
6
5
2
3
12
12
1
18
12
4
8
1
3
9
125
2
1
38
1
17
1
1
7
2
1
25
72
4
1
4
11
18
16
1
2
1
1
24
5
10
1
1
1
14
5
5
3
2
15
170
13
3
1
4
11
5
3
3
6
15
1
3
10
2
1
1
29
1
1
7
5
4
70
11
22
10
2
4
1
2
2
2
2
1
28
6
1
4
9
6
5
9
6
18
9
14
14
53
5
1
7
3
5
4
11
4
2
6
2
3
4
1
1
54
11
33
3
7
2
2
8
4
6
13
1
68
2
2
3
67
24
10
8
1
12
1
27
13
1
2
5
1
6
1
7
34
4
2
2
4
10
2
4
1
9
6
16
3
9
2
4
3
5
2
38
4
5
44
1
18
10
5
11
20
5
2
5
3
1
12
8
9
1
2
3
2
51
12
4
9
24
14
16
1
1
1
6
2
3
12
5
9
1
22
9
55
5
4
2
3
12
12
1
2
2
2
24
1
7
2
68
4
1
1
1
6
4
15
2
1
2
1
3
7
2
1
3
43
5
1
1
3
7
63
1
9
1
7
2
6
8
9
5
3
1
15
5
10
33
4
5
5
2
1
3
8
5
3
2
11
4
3
1
5
19
2
46
20
2
5
5
1
15
8
1
2
1
44
1
2
2
6
8
5
2
6
1
5
1
3
1
9
1
9
12
2
3
6
2
4
4
1
6
9
3
1
51
6
4
38
7
4
2
3
1
1
14
2
1
3
1
2
11
1
7
1
10
1
2
19
48
12
1
2
9
10
3
1
1
6
22
5
3
18
1
23
1
117
13
2
1
6
1
1
1
1
2
7
5
8
6
10
20
1
11
1
2
1
1
5
6
2
1
1
9
4
12
3
1
19
11
3
7
6
9
7
5
3
1
3
5
7
1
20
1
8
3
5
3
3
1
2
11
1
19
13
3
14
3
1
7
2
1
2
2
2
1
1
5
12
1
1
2
3
44
8
1
3
11
7
7
3
6
1
1
8
3
8
27
6
1
1
1
1
8
6
3
1
1
8
2
2
1
1
10
4
1
4
3
3
6
2
1
15
12
11
4
1
1
6
1
6
1
4
5
5
7
1
1
1
1
7
6
1
8
1
49
27
2
8
6
9
1
14
1
11
13
1
4
5
5
3
13
18
2
9
1
2
8
2
12
1
73
6
2
19
21
16
1
12
429
2
80
3
1
3
4
6
6
3
14
1
2
15
3
1
11
10
1
4
14
3
12
9
7
6
2
6
3
2
1
5
4
4
15
7
12
1
20
2
14
2
129
5
2
4
1
19
2
5
5
2
1
14
1
1
137
36
3
6
1
2
86
2
2
4
78
7
3
3
30
5
1
9
1
11
122
6
5
12
3
1
1
2
7
5
13
8
3
11
22
4
14
2
4
7
51
1
2
1
10
2
1
6
2
17
7
3
2
1
13
7
2
1
2
10
16
4
9
3
8
19
2
1
2
4
3
1
6
6
5
1
1
21
1
1
9
23
12
2
19
2
10
11
14
7
1
2
3
1
26
3
7
3
3
29
30
5
1
1
2
7
21
6
2
4
6
2
34
1
18
2
6
5
8
7
41
1
4
10
3
4
2
9
5
7
3
2
6
14
9
10
3
1
1
4
19
8
5
6
1
5
1
1
1
4
3
8
4
1
5
2
20
2
15
5
12
1
6
7
1
1
5
1
8
3
2
2
3
4
39
12
1
4
15
5
10
3
1
2
1
1
2
5
2
3
12
3
2
3
22
42
5
12
4
3
7
2
1
11
6
1
8
1
4
3
1
2
1
3
9
3
1
2
1
9
1
2
1
5
4
4
5
1
3
3
17
10
10
11
2
2
3
29
6
13
2
7
3
6
9
23
2
2
8
13
8
11
4
11
1
21
1
4
1
13
6
15
5
1
2
2
4
5
5
1
8
15
1
1
1
2
3
1
8
15
6
1
5
3
1
13
1
9
5
4
12
3
4
1
4
2
18
2
5
11
2
3
1
3
3
3
2
31
7
1
1
3
8
1
21
5
431
2
65
1
1
3
1
11
35
8
2
9
16
5
3
7
7
1
4
3
4
10
3
34
25
47
1
8
10
23
1
13
42
2
3
8
1
1
3
5
2
9
4
13
5
14
6
2
2
12
1
10
3
2
6
11
1
6
11
4
3
26
5
1
2
9
4
5
2
3
39
2
2
7
3
7
3
2
3
2
3
10
1
4
2
10
1
5
2
6
6
22
2
4
9
2
10
2
3
8
1
6
6
7
2
11
18
1
2
6
1
26
7
1
33
5
2
1
199
1
1
7
12
4
10
8
4
3
3
17
11
1
17
4
7
4
4
1
20
41
5
11
1
9
2
10
1
2
12
7
1
11
8
10
8
44
8
3
4
4
5
4
3
3
1
9
1
3
2
3
3
21
6
1
1
23
1
3
7
5
2
4
2
16
12
3
5
2
1
8
2
3
9
6
5
1
4
102
4
2
1
3
4
9
2
1
5
2
2
1
1
6
2
6
4
6
5
22
7
3
3
13
1
1
12
3
1
1
1
4
7
1
3
44
7
37
8
2
22
10
2
1
3
10
2
10
7
5
3
3
6
3
8
2
34
2
4
2
4
3
9
2
1
2
15
3
18
11
9
3
1
4
5
32
1
11
3
2
3
1
3
2
10
5
3
4
2
3
1
12
2
10
8
6
9
6
10
6
1
4
4
1
1
1
5
1
62
39
8
1
2
2
6
1
60
2
4
8
35
7
1
5
1
5
9
1
13
2
53
4
5
1
1
1
3
9
11
2
8
3
2
3
2
1
3
4
2
3
2
8
4
1
2
1
1
4
1
9
4
12
3
4
1
5
1
8
1
1
1
4
2
4
2
2
9
12
2
2
3
2
2
1
1
4
6
2
16
3
3
7
6
5
15
2
5
13
1
1
13
1
2
2
11
3
1
16
3
14
1
9
7
4
14
37
2
4
6
31
15
1
4
13
2
14
2
20
2
8
1
3
5
2
8
7
15
22
2
11
2
1
5
3
2
2
3
9
1
1
3
1
1
8
1
4
10
2
1
6
5
2
6
5
4
5
1
7
16
1
2
9
1
2
2
1
3
3
21
1
13
8
6
53
8
1
10
3
1
1
5
1
1
1
59
5
1
6
4
1
1
1
3
2
6
2
2
6
22
3
3
13
3
5
2
6
4
6
6
8
14
1
2
17
1
16
5
4
4
2
2
3
3
8
8
6
6
25
1
4
2
23
2
9
4
7
28
9
6
2
2
1
30
3
1
1
2
11
12
1
3
1
4
6
2
6
8
5
1
7
48
5
3
3
2
2
10
4
2
3
1
3
4
1
2
6
5
6
8
4
2
5
4
12
4
7
1
2
2
19
1
6
12
18
2
3
1
13
5
6
4
8
3
28
25
9
2
8
35
10
8
1
1
10
1
4
11
15
1
1
14
1
18
1
2
1
5
1
11
8
9
6
5
1
1
1
3
8
18
13
74
8
3
4
6
3
13
12
1
3
6
1
20
2
2
25
2
1
1
4
1
2
4
3
5
4
4
6
12
7
4
2
3
12
3
42
2
6
3
1
3
21
1
2
34
7
14
6
3
3
1
10
13
16
1
2
1
2
5
1
2
1
2
1
1
1
25
8
7
8
7
10
4
4
8
6
2
2
1
3
2
2
1
8
3
2
19
1
2
8
7
3
17
3
6
3
1
2
1
6
1
3
5
1
1
17
8
1
2
1
2
1
17
2
7
1
1
28
6
3
1
7
2
1
5
4
1
5
17
6
3
6
5
1
9
6
1
16
3
1
1
13
1
8
3
10
1
2
1
2
21
2
4
1
2
3
2
3
7
5
1
2
2
10
9
5
3
16
1
4
3
5
14
3
6
1
3
1
1
14
1
1
9
2
8
1
12
3
2
8
7
3
10
1
6
1
8
6
1
54
34
1
2
2
21
3
6
1
5
1
2
1
2
3
2
7
6
2
2
2
2
3
7
1
11
2
8
10
2
1
1
6
2
17
24
1
6
15
2
1
4
1
2
20
3
1
7
3
1
1
5
1
1
1
1
14
2
2
3
3
8
3
43
1
61
1
5
1
3
5
2
4
1
1
1
24
1
10
3
4
4
3
1
9
38
8
2
1
13
1
1
4
3
1
1
22
1
1
1
2
2
3
16
5
2
1
8
5
7
1
9
7
2
1
3
4
13
1
1
7
3
3
7
1
6
4
3
15
25
7
11
2
13
10
3
11
1
1
1
17
1
1
2
3
1
2
23
12
9
11
8
15
5
2
29
3
9
1
1
1
9
9
6
1
7
1
4
4
16
4
15
7
18
2
5
3
4
1
14
4
22
2
2
1
1
5
2
2
3
13
1
22
8
2
9
24
23
3
1
3
5
4
1
5
3
4
3
19
2
6
11
16
4
1
3
3
1
1
1
1
5
7
4
1
2
8
1
3
4
1
2
30
2
3
7
17
15
6
31
6
1
1
12
7
17
17
1
1
16
3
3
2
8
1
5
5
6
1
15
2
1
20
2
3
7
2
2
3
2
15
3
19
5
1
2
4
1
6
3
7
5
6
14
1
25
6
11
4
7
7
13
1
2
5
7
6
8
1
31
5
14
8
7
1
1
6
7
3
2
6
8
1
5
6
6
9
10
10
1
1
2
5
3
2
3
5
1
1
7
3
1
1
3
5
3
4
4
1
17
1
2
12
4
4
11
2
3
3
3
21
3
1
3
2
1
6
2
1
10
2
3
5
1
1
6
2
3
9
1
1
6
2
23
2
30
4
6
2
10
3
6
4
1
1
1
4
2
1
4
6
4
5
4
5
6
1
1
5
29
9
1
5
16
3
9
1
25
4
2
4
6
1
10
2
1
2
5
1
2
4
6
1
1
4
5
1
1
2
1
3
10
10
5
10
3
10
13
13
5
6
21
8
1
1
14
1
9
1
1
17
1
8
1
3
9
6
6
2
3
4
1
7
6
1
1
6
19
1
1
5
1
7
7
4
2
8
3
2
4
3
3
6
1
5
1
1
1
1
2
16
2
1
2
9
5
1
4
1
1
19
1
8
22
1
11
1
4
1
6
5
3
4
2
5
10
1
6
9
3
1
2
1
1
4
6
41
1
4
6
4
1
1
4
7
2
1
2
2
4
5
1
18
1
21
1
6
11
5
1
1
12
5
2
2
2
1
1
5
2
3
5
9
14
7
1
4
6
3
1
1
3
1
2
1
2
1
4
1
2
1
3
31
3
4
15
5
2
1
2
1
2
2
4
1
4
1
2
4
1
1
11
13
3
9
2
2
10
8
1
5
5
5
8
2
4
2
1
1
6
3
1
1
6
1
21
22
2
6
1
4
7
7
1
1
2
10
3
1
1
2
2
17
6
1
6
3
10
6
3
1
9
4
5
2
13
1
7
15
6
4
15
3
1
1
4
10
1
9
4
3
3
14
3
1
1
11
2
6
7
1
2
4
2
1
9
2
10
5
1
2
1
3
5
4
6
1
4
4
1
2
7
15
7
3
42
1
1
4
1
1
4
1
1
1
3
4
1
3
7
5
8
2
3
4
3
5
1
9
2
2
13
6
2
2
4
1
1
4
1
1
13
1
1
6
3
1
2
1
1
1
2
2
2
4
